F1 F2 v u
652.2404058851 1650.76678662396 a 0
652.862891467722 1732.53874394104 a 0
528.1082407354 1555.93381101466 a 0
418.437251841405 1300.71751990260 a 0
656.105795537093 1270.91030090981 a 0
855.202384106144 1335.61106964914 a 0
864.85241695741 1669.53125863085 a 0
723.743818410435 1473.41687454789 a 0
704.487542486576 1343.76501101716 a 0
735.280748688136 1681.24036355121 a 0
545.819473295316 1627.12484211461 a 0
418.356258546213 1439.94380342316 a 0
681.338717447822 1639.54226772746 a 0
915.551992634119 1510.93812956769 a 0
674.430282556245 1204.59390852507 a 0
639.52906274998 1784.10998462831 a 0
601.150818725277 1593.09598709902 a 0
941.36070183074 1726.03699975431 a 0
808.231270930427 1433.2226075982 a 0
627.153945780953 1414.99846109556 a 0
766.73683991681 1452.61041155051 a 0
694.445634385524 1316.1875308701 a 0
556.319951423229 1443.02250628901 a 0
743.981234691803 1567.40973529265 a 0
752.647349485968 1310.10354233345 a 0
878.729703858993 1522.48665005733 a 0
727.435626586092 1357.26236887331 a 0
783.855759425056 1492.43713082244 a 0
513.46368818025 1670.69822366178 a 0
486.254611530013 1506.54830380719 a 0
623.947240727535 1661.99938921868 a 0
899.328805075267 1256.32666054256 a 0
798.156175777403 1465.99284399895 a 0
913.790730713726 1457.72960801542 a 0
920.29372406591 1591.75277754881 a 0
840.150431851629 1483.14877477513 a 0
728.881943165928 1477.80611998586 a 0
510.51754059754 1417.79983517257 a 0
635.322156558615 1520.74972177463 a 0
548.939741050698 1661.33983937034 a 0
763.77099441497 1554.64216112582 a 0
579.131215120239 1345.24679906296 a 0
539.744060571253 1697.38676401908 a 0
754.800231798744 1594.13722460394 a 0
544.872088022769 1647.57316689789 a 0
764.525143158958 1636.08465127995 a 0
1035.93860470355 1373.71502379316 a 0
716.551319264541 1774.84592066065 a 0
783.70693318602 1599.99092958961 a 0
787.276132233698 1303.38694014947 a 0
612.235592716242 1647.57891408849 a 0
645.755413902359 1715.38154605286 a 0
574.081239491242 1706.59296135434 a 0
705.844938614915 1770.97274814562 a 0
749.981764190754 1582.29005348269 a 0
814.569691262124 1346.00371833995 a 0
812.621417539281 1338.29530783665 a 0
915.133234057916 1309.88606693754 a 0
612.701958508735 1452.26580733967 a 0
860.930889168396 1633.04070242678 a 0
549.067054695431 1128.99375139673 a 0
645.680581598553 1261.61723879529 a 0
763.794158909903 1684.61612983599 a 0
718.114080498862 1873.36802004729 a 0
601.972465524297 1283.72219478950 a 0
976.8427839263 1278.16252983355 a 0
759.426913651917 1668.31450078447 a 0
575.342049199404 1484.30602900795 a 0
903.691244492207 1476.73692517900 a 0
867.791043382088 1318.40468443151 a 0
467.113021844675 1388.44686984882 a 0
827.579201858074 1822.98363158382 a 0
441.527320037008 1705.43484356589 a 0
623.37696702151 1434.20259656044 a 0
871.114076577877 1351.8574227711 a 0
673.987994257561 1689.39056455621 a 0
682.502566261961 1549.96593728502 a 0
569.482551455354 1756.03888247669 a 0
636.76013749528 1650.63080416293 a 0
774.914191328534 1374.00585857118 a 0
709.54036430842 1494.9138117099 a 0
722.362598203575 1794.86958652534 a 0
552.101836874822 1499.91146637963 a 0
589.657477097068 1785.11895564918 a 0
788.743746159856 1564.75135365419 a 0
692.872277370283 1308.12333218766 a 0
641.139182616081 1624.29127531942 a 0
587.890161016589 1735.14732285752 a 0
779.939069744051 1507.45513156671 a 0
760.544944643697 1372.4103735234 a 0
832.163990350379 1415.70798558166 a 0
903.86240095858 1854.22948627706 a 0
634.750500707264 1501.86038929143 a 0
886.541509260684 1575.62986892488 a 0
818.60505860529 1555.70092837970 a 0
788.411358785624 1457.14909769231 a 0
641.28914486662 1693.15562874692 a 0
627.781422161005 1365.63500459669 a 0
752.310089331852 1809.68242055253 a 0
928.654607395633 1516.18034000013 a 0
661.161507161182 1710.66522173823 a 0
709.128823886509 1571.63460577636 a 0
732.675613108034 1687.03472541119 a 0
602.300031190925 1162.01025844858 a 0
666.635933036377 1472.63895816778 a 0
741.449122688844 1352.68361104158 a 0
819.068226153761 1419.4106340365 a 0
883.46074542997 1519.15937608552 a 0
776.346847245275 1625.10277937224 a 0
852.539768122012 1526.67961559634 a 0
698.872739096339 1935.46300449199 a 0
736.804430679044 1674.44503102102 a 0
749.056681052897 1496.13842768255 a 0
1025.56743972917 1668.68417207025 a 0
630.307374573595 1477.51422039107 a 0
738.46370720531 1381.75612841837 a 0
691.521835256234 1175.70091900662 a 0
758.072765937458 1546.57470586303 a 0
791.284338965155 1499.09895603248 a 0
905.4703511544 1328.98357408587 a 0
595.228620078439 1678.85107992113 a 0
589.882141083760 1324.77573256858 a 0
590.273453409483 1691.23488642311 a 0
709.269417104157 1663.72096423911 a 0
601.760351657155 1421.83117484274 a 0
494.784597577127 1618.53506200482 a 0
804.097340241073 1385.6277073326 a 0
678.72631626736 1362.33650465018 a 0
756.489677359848 1760.38448692325 a 0
629.617463212909 1319.05050679233 a 0
657.086261466438 1720.375359317 a 0
575.028964620978 1587.47216329431 a 0
613.703010482911 1284.20007734657 a 0
665.412604244905 1554.02618747816 a 0
805.641871940772 1592.80789102483 a 0
794.422840983667 1646.82060651776 a 0
897.921011795259 1405.47227192941 a 0
548.437165398396 1447.56652587511 a 0
538.175827029504 1693.82874671224 a 0
639.14395310561 1187.98206750293 a 0
667.691762433613 1631.59303100435 a 0
800.530928729352 1459.53718558022 a 0
504.66750538374 1574.23928340752 a 0
494.563334183026 1292.90147822642 a 0
475.927054413105 1295.99355332504 a 0
670.983226905808 1411.04438505220 a 0
808.229400794591 1682.35197527351 a 1
699.460941157291 1866.35012879194 a 1
634.653350114961 1693.9920687678 a 1
920.155873378683 1407.54297983150 a 1
785.562125940808 1307.43646506582 a 1
755.919992594585 1767.67375450902 a 1
716.84090438648 1196.68481387915 a 1
941.083035155162 1440.94633743695 a 1
743.040237444213 1198.06272895465 a 1
522.704910587219 1977.11446686363 a 1
1008.54673570777 1451.47478775097 a 1
680.61964656487 1390.50618827727 a 1
811.002877456785 1473.50730676983 a 1
634.960000163902 1596.74575563076 a 1
774.832263508506 1674.68907855199 a 1
935.856592493044 1427.45344063412 a 1
653.634439948617 1689.74335647430 a 1
755.371103761266 1406.75070371806 a 1
731.4576185452 1710.43340010518 a 1
742.546039053669 1370.44798063218 a 1
523.705340506557 1174.06307359613 a 1
832.08478938778 1420.73568592145 a 1
776.837434092407 1639.88147417254 a 1
781.620572916731 1585.86145317871 a 1
811.813750600044 1256.11789458692 a 1
706.503115581 1598.74832917118 a 1
934.057169218055 1459.54806107728 a 1
806.388791820037 1447.22078703273 a 1
760.794209239441 1194.28547633141 a 1
771.826875405614 1535.14603618491 a 1
733.001513068857 1305.99885397754 a 1
423.283353109186 2195.8479940214 a 1
745.854496745317 1339.94509007928 a 1
648.211674917256 1585.14228938659 a 1
377.019849180275 2077.67562341846 a 1
954.625379015075 1423.47157626852 a 1
841.206293565489 1199.17371850122 a 1
861.232786697087 1478.36935905079 a 1
904.229397667897 1411.30737306053 a 1
739.777773434355 1351.52344646687 a 1
912.249726264474 1508.14610161019 a 1
824.658863559468 1281.28955899263 a 1
841.729291175505 1824.25692202596 a 1
703.518537147426 1561.66012557352 a 1
916.761156363807 1447.90737440165 a 1
903.942055423323 1291.52065863470 a 1
850.663188428794 1332.98013848361 a 1
839.42656025065 1218.66990015778 a 1
694.192848830265 1325.75960917234 a 1
723.674307129057 1473.05784319409 a 1
471.956540420446 2082.4036749048 a 1
708.485614401031 1465.72471277271 a 1
746.972832737326 1248.5350025326 a 1
823.31567761434 1365.21361339409 a 1
802.152982779387 1293.20780898960 a 1
636.168379738157 1622.24798408230 a 1
499.108873794492 1958.39148252131 a 1
808.260836043977 1404.15066520312 a 1
468.212540326608 2139.97126287737 a 1
788.075660272878 1445.20703953312 a 1
591.276547693275 1652.03433403591 a 1
817.592773276627 1286.87882786806 a 1
734.650800945069 1233.02980709910 a 1
811.100701890225 1348.86828847379 a 1
793.792385121072 1390.12577192970 a 1
830.095120042006 1461.57057426864 a 1
682.848783858604 1360.60140733518 a 1
847.687341178943 1461.56423727764 a 1
749.170326005203 1672.59287936243 a 1
540.344007504223 936.448274189672 a 1
884.131712639107 1521.90231182557 a 1
865.627777352824 1369.60605418525 a 1
695.728273098004 1427.61908726238 a 1
724.477565001311 1757.91002645498 a 1
932.259368579387 1495.79918232968 a 1
860.851731559545 1467.01182355409 a 1
649.818447000155 1597.24226986015 a 1
740.708151201571 1769.22877113019 a 1
454.99997484878 1077.40751169151 a 1
750.232718744581 1310.84802350208 a 1
714.31441862472 1658.36785417978 a 1
734.285149161247 1414.15069110985 a 1
742.592829844876 1319.50635472367 a 1
696.129074815554 1337.41305080039 a 1
435.468234134593 1025.22806952243 a 1
829.569940693872 1408.77061911578 a 1
851.769584652305 1159.34508497903 a 1
791.190835429477 1279.24525860526 a 1
813.606819880378 1620.06731386141 a 1
691.993293066776 1348.56522488746 a 1
759.584074402084 1329.45737418071 a 1
761.093891726319 1579.91600375285 a 1
727.960340600191 1374.01432231384 a 1
866.123149721593 1275.24947640728 a 1
900.759198342614 1315.38218779568 a 1
934.929856176082 1222.36016052481 a 1
948.00930466327 1612.110371746 a 1
726.033717422548 1432.41906708838 a 1
734.46900230214 1712.580702311 a 1
759.09932115121 1829.41886558604 a 1
790.75377816062 1225.37843311858 a 1
957.685447156935 1394.59389950959 a 1
551.976656748896 1221.83246889573 a 1
580.95949623972 1307.95670463151 a 1
786.921282118324 1523.93005116215 a 1
914.371602917071 1325.31958400060 a 1
756.592576565387 1583.87708027908 a 1
859.26889308952 1331.03879895605 a 1
607.87380716174 1497.8112245439 a 1
832.168820171314 1306.20128963452 a 1
803.470615501404 1312.41974646081 a 1
967.87758962725 1467.31514752029 a 1
935.08822217 1323.98705262684 a 1
640.823502754196 1191.74112689256 a 1
767.591388468976 1390.00079687602 a 1
447.946398206526 932.403864550214 a 1
883.032621788535 1416.44348682711 a 1
427.944843779917 2551.51678274405 i 0
517.275325900455 1918.53740330594 i 0
383.12191183027 1945.54882372359 i 0
461.43004723994 2274.76402102877 i 0
422.352100969404 2277.91211248309 i 0
415.287968338243 2111.45273176694 i 0
511.66337262179 1883.905895564 i 0
441.79859928791 2230.87810235510 i 0
449.534383087581 2228.74596008506 i 0
429.217867726461 2225.82382051691 i 0
370.201590556035 2204.54799979032 i 0
448.18492410445 1975.25725401548 i 0
478.933780800528 2371.66224254431 i 0
597.09439532468 1910.75567890996 i 0
431.600892595457 2267.15002802352 i 0
465.79983507017 1995.92977035063 i 0
337.515531189518 2276.25048539615 i 0
464.445332603213 2015.53182588356 i 0
453.644665367693 2506.80433782996 i 0
518.219019501802 1971.60781473152 i 0
444.662321181 2012.53779133445 i 0
486.959778708257 2568.69574580439 i 0
451.378959136716 2168.85345105369 i 0
547.247105687456 1992.00959607587 i 0
457.524726268001 1953.55187316270 i 0
376.759793115022 2050.75611502456 i 0
476.495200131799 2180.47542756408 i 0
454.390924353722 1792.60848433319 i 0
423.307744936836 2107.06272198934 i 0
379.813697348523 2185.78649176792 i 0
461.956969729618 2129.99774304994 i 0
386.922225891102 2472.48233133925 i 0
377.787503788646 2353.25120198889 i 0
562.287512079586 1768.40064325858 i 0
546.535067631542 1859.63978331453 i 0
489.33013128282 2277.32369207499 i 0
451.000494430546 2209.29871039952 i 0
425.581869827845 2389.57233722348 i 0
449.740714506173 1988.18891968693 i 0
504.137728582156 1930.75351274315 i 0
385.210322638982 2432.63627369103 i 0
368.720802478349 2117.88870935393 i 0
469.173297505979 1951.58793190249 i 0
500.851637468577 1989.27147448213 i 0
376.757586582945 2502.01491500189 i 0
394.413174194589 2619.06909985495 i 0
452.038743524806 2384.83558054537 i 0
478.201826356659 2570.22684900334 i 0
373.369930197223 2436.11135815457 i 0
516.697747000487 1878.22880643392 i 0
447.647553067164 2302.01937539920 i 0
441.93285570428 1884.90205676359 i 0
413.479589977253 2349.99780249805 i 0
373.51760218123 2372.53512079949 i 0
470.613306134913 2268.44467574006 i 0
409.315694142217 2180.08309070964 i 0
572.042737210616 1701.99345690811 i 0
427.835477099499 2324.98570044514 i 0
442.204307850959 2179.41212955904 i 0
536.201328866791 2024.57998958589 i 0
515.962239620711 2427.34105904601 i 0
388.384888097855 2216.25570718632 i 0
434.670196151376 2354.49039168097 i 0
577.382010776001 1707.57071484660 i 0
403.20923553917 2434.25185994865 i 0
373.684186926644 2087.15245450886 i 0
385.440559497262 2285.97517526551 i 0
445.836846296171 1846.88220303273 i 0
322.526434064515 2369.74239372271 i 0
467.733187484315 2309.77134726881 i 0
481.397168704501 2191.96596522004 i 0
534.993420828776 2145.61205571762 i 0
498.9636306679 1965.43775484777 i 0
485.522803956951 2141.14097334219 i 0
418.393977312301 2379.22809936618 i 0
509.360490428443 2292.08264250648 i 0
407.884162562655 2558.59787953511 i 0
373.053310517056 2348.5237140214 i 0
468.43953550302 2311.82372695091 i 0
442.052111451767 2224.48728935255 i 0
451.060044738146 2258.34917768913 i 0
452.258710746595 2505.30875778689 i 0
492.393635316128 2075.68155581992 i 0
511.468871870284 2426.39112306350 i 0
446.343323385935 2500.34792738501 i 0
425.11747854787 2619.61097205792 i 0
512.510494169898 2244.27092649959 i 0
448.579342967135 2275.79906045000 i 0
427.79996938514 1526.65368020002 i 0
372.447866872752 2363.27973983557 i 0
375.095421707008 2095.80256508064 i 0
478.659476132072 1952.42600001193 i 0
452.784960208726 1830.44966895913 i 0
501.372802323654 1887.92416296159 i 0
359.884121590188 2375.17759458789 i 0
357.113536255626 1626.51067273422 i 0
506.071460565565 1871.86873079826 i 0
444.238607531828 2024.63172130824 i 0
443.963040915167 2535.35748180606 i 0
413.167131175798 2361.48870603435 i 0
402.023336549736 2291.31756308082 i 0
488.377947399055 2284.80870867729 i 0
531.099623801744 2247.84335073049 i 0
369.465653617894 2365.62562343352 i 0
448.370755256709 2565.86659479550 i 0
428.070999281668 2095.34228849809 i 0
423.454265089649 2271.03866826007 i 0
360.680136622723 2432.32374110231 i 0
285.338483927147 1730.95597010605 i 0
400.540868957027 2420.21131600078 i 0
405.363271007452 2591.27942108767 i 0
472.045688745069 1703.26800144601 i 0
393.818973896891 2483.06398269878 i 0
561.867643419043 1771.94919520393 i 0
376.381394928426 2266.4017128302 i 0
401.477992336692 2447.88336414023 i 0
425.530972277889 2081.95192336039 i 0
419.350823979131 2412.16318817678 i 0
353.659588814041 2453.04170306326 i 0
499.141834903307 1836.38702934526 i 0
385.809232577793 2081.59219777616 i 0
458.007526228495 1984.01230914374 i 0
413.126879450546 2219.60963443310 i 0
404.098460683044 2420.57810668448 i 0
484.971812334866 2082.14758504579 i 0
280.503696741425 2127.79104086215 i 0
423.651925337251 2267.53408100611 i 0
393.647767821827 2066.00896946068 i 0
486.987638104407 2212.29742181962 i 0
436.863312136746 2413.00695855369 i 0
473.715173283582 2332.23340718849 i 0
395.210267904865 1976.77885912803 i 0
519.729043812722 1630.94154699037 i 0
469.729965086203 2041.02842956241 i 0
441.722006043673 2214.96407650911 i 0
433.207861536322 2184.16283828158 i 0
469.800620802305 2371.33468467559 i 0
407.592092635605 2313.54745917804 i 0
441.978152247218 2157.41129119476 i 0
471.822997552533 2153.81133129166 i 0
364.06052199464 1506.19908116614 i 0
437.871972456656 2130.37299571972 i 0
387.330159789056 2037.12984343605 i 0
538.877496832288 1885.58754528566 i 0
536.450606767008 1905.04362896407 i 0
433.987661920166 2260.93489485329 i 0
411.538175331487 2429.73175004817 i 0
548.600729623501 1887.43895735757 i 0
429.837571172898 2432.29396753221 i 0
416.785740502311 2473.91000400602 i 0
451.943982866642 2529.63611104373 i 0
407.329484795426 2329.35797096485 i 0
477.438610180965 1771.83477589036 i 0
437.144182198258 2315.05973071824 i 0
379.13932371822 2704.07359216879 i 0
485.147640200491 2354.45959936420 i 0
470.184992440795 2573.49222007927 i 0
423.507298529339 2511.35595861149 i 0
409.614881357881 2418.06200666456 i 0
458.729485735974 2364.65929191124 i 0
498.496136670909 1993.41220270362 i 0
380.068712606591 1957.16162170523 i 0
480.527455575024 2366.84786559229 i 0
428.42016449437 2213.77891381234 i 0
399.225697867623 2054.81497147867 i 0
451.999962408998 2166.55609649857 i 0
437.672220364189 2705.65586087620 i 0
411.850241452359 2280.42330137713 i 0
419.850917063246 2074.91698925429 i 0
530.055357700326 1958.74803411084 i 0
412.190314221597 2171.91364850288 i 0
352.089860843332 2528.75966862737 i 0
422.237258457297 2279.51724945505 i 0
424.943116738828 2232.61994908775 i 0
399.946280108176 2567.40871869149 i 0
351.590480712743 2362.81335865322 i 0
433.719948533031 2298.25089008275 i 0
438.468420043866 1939.574562571 i 0
512.413398495199 2342.06839768691 i 0
524.817222944872 1922.36187740329 i 0
447.169325750219 2113.26686082433 i 0
431.835245066305 2314.15680985107 i 0
445.049378408091 2407.20681016559 i 0
361.657516385801 2230.63062624596 i 0
378.313038104926 2085.18869617410 i 0
482.419904682904 2257.23314883603 i 0
443.47184213971 2084.15401937172 i 0
373.018947828224 2041.55939766993 i 0
450.075428550762 2328.62308643691 i 0
433.121774111305 2009.84466466149 i 0
409.082890219173 2541.51997269454 i 0
492.790982998952 1983.61724798183 i 0
456.828053069817 2456.47534000595 i 0
441.327791142246 2403.55079150868 i 0
409.324351805674 2109.66293023206 i 0
416.344631147378 2211.88414754927 i 0
415.382770019136 2151.50309536337 i 0
388.276775214126 2399.19529821919 i 0
385.379684872383 2323.04561269014 i 0
380.041274608191 2298.25028653202 i 0
400.561996383093 2414.71019144935 i 0
480.951304280101 2208.32496880908 i 0
433.559326354506 1953.89751532222 i 0
381.694935995235 2096.79590518105 i 0
441.935538299349 2391.82741120969 i 0
402.384558743951 2161.91914433993 i 0
514.171849418459 1983.69374109626 i 0
558.619457397022 2104.43840450161 i 0
419.339932288942 2340.36907270100 i 0
425.856084476816 2322.53701038827 i 0
514.402676186975 2451.2879062023 i 0
483.216243014913 1929.77129442695 i 0
455.350953220095 2262.06663615211 i 0
526.400305712101 1660.05900824783 i 0
383.560668078919 2302.52568765603 i 0
409.201058911445 2351.27290832768 i 0
457.797745294688 1907.96521651039 i 0
429.205661581805 1749.36037752550 i 0
441.960001575427 2182.90857016219 i 0
530.61808107238 1855.32892835019 i 0
418.956630035073 2322.7210213233 i 0
461.438784211686 2282.29780600942 i 0
450.258597253582 1956.98288112748 i 0
461.716696212259 1866.12344026540 i 0
424.188742365243 2018.22733965807 i 0
471.820036871311 2163.11728118371 i 0
347.783839564902 2298.43790825467 i 0
416.851220691965 2129.52858039498 i 0
349.121520902119 2322.66534521415 i 0
291.905755827879 1648.31292857920 i 0
476.71289142397 2382.96729971729 i 0
397.486826470401 2526.26575373286 i 0
376.941877390923 2181.41481162861 i 0
401.999355419699 2113.89809039253 i 0
458.354546724033 2272.11783400209 i 0
493.295290093983 1963.00713842386 i 0
447.259628624005 2399.7793627354 i 0
358.944468757027 2539.88208680634 i 0
412.880229306095 2283.02272726747 i 0
518.382094436204 2421.59539734985 i 0
472.517795345126 2389.7448740169 i 0
483.205263445913 2125.50015371586 i 0
485.229264649414 2217.19860973880 i 0
401.438779189361 2410.12372397608 i 0
418.640252470247 2170.78565327649 i 0
335.711965351701 2462.50909200855 i 0
380.036247495119 1553.89909725251 i 0
463.586099691626 2366.95417507742 i 0
570.359488576062 1761.89806064805 i 0
369.207498350424 2346.11922141435 i 0
307.086484800073 1766.19340280582 i 0
470.832093067085 2207.63814972790 i 0
527.768144606555 1963.9551735636 i 0
486.815884705684 1944.54928178648 i 0
357.847963451525 2274.32120724427 i 0
413.644554564429 2372.57893702953 i 0
339.743934752254 2319.72804754262 i 0
445.717512712602 1994.00481147588 i 0
525.36791592826 2398.43490325816 i 0
477.336713994043 2218.88817156904 i 0
450.777166520574 2014.32550711636 i 0
461.645570728816 2262.33949537412 i 0
418.2746058875 2233.78477399603 i 0
376.724802576771 2135.18578811590 i 0
437.91510424127 2284.26286099688 i 0
478.286439991393 1990.63960773534 i 0
395.289637950439 2159.26493445622 i 0
434.264752316829 2477.82785844602 i 0
366.604584093761 2439.78579655681 i 0
427.243150303918 2250.9400562803 i 0
395.085436429228 2114.98376894618 i 0
454.427912903663 2206.61025944916 i 0
378.940263326117 2058.47516963313 i 0
465.07330206916 2510.47973593074 i 0
458.824104743918 2188.70839863546 i 0
378.002608043074 2035.24325716048 i 0
486.598310653631 1802.62533755570 i 0
405.640016164377 2061.58372887070 i 0
510.981392309420 2242.39477860249 i 0
465.930328618118 2646.91278158313 i 0
481.256896097006 2124.91971414388 i 0
519.12720711727 2138.06871662394 i 0
447.211283199803 1953.20592622868 i 0
400.524886601155 2069.74482674681 i 0
400.326372141063 2165.08418452412 i 0
533.553206828846 1746.72646916407 i 0
408.702226833443 1976.74758824108 i 0
422.477500953732 2287.1243098548 i 0
296.330267675579 1914.14594874352 i 0
406.805061023059 2345.44209121875 i 0
365.574080267790 1813.95372419744 i 0
431.042214513963 2447.86912188012 i 0
398.940907762125 2292.20784607296 i 0
590.330638901866 1679.17691075012 i 0
552.117988131532 1694.59032216069 i 0
377.828367523707 2058.54344530734 i 0
346.662613107610 2221.76016389912 i 0
415.135256340838 2237.99013193047 i 0
410.736234418087 2365.29218837243 i 0
443.255693660745 2415.31020587365 i 0
557.154601846284 1620.90021514365 i 0
516.244710959352 2347.57611958825 i 0
515.646341811324 2300.90840616998 i 0
399.655186881319 1741.32701766555 i 0
548.359432866594 1804.45860835633 i 0
448.939114543774 2312.95651203587 i 0
440.057472154435 2337.80519116406 i 0
576.809649306605 1738.21717675018 i 0
408.048492530645 2043.41745077963 i 0
572.838482357699 1802.39077285063 i 1
574.915286158317 1699.64659136543 i 1
485.549569424399 1868.11073731322 i 1
584.459624467626 1853.86691445278 i 1
447.551040262979 1639.34355887811 i 1
530.131629489593 1902.76058801471 i 1
518.898151224888 1893.41316419182 i 1
510.183518775213 1975.62912257004 i 1
550.072470469116 1814.71532720879 i 1
591.775059837793 1884.48290599556 i 1
439.4111324332 2269.37246936631 i 1
601.520120150288 1858.47665217974 i 1
547.223792444216 1714.75876443027 i 1
556.174636610434 1781.5967247978 i 1
492.624944860716 1700.29031158652 i 1
566.150109609792 1765.39902313140 i 1
551.462578166355 1652.14278455422 i 1
540.963266417006 1622.92122858642 i 1
580.799065893469 1817.72341388357 i 1
594.828401689304 1635.43005544229 i 1
558.554075025738 1983.38484031413 i 1
572.64587512544 1737.30983905578 i 1
493.580680484915 1931.24055390274 i 1
506.235714974208 1893.55935427032 i 1
552.881006269326 1677.84148917804 i 1
541.588648438139 1836.80018090846 i 1
558.957015641046 1707.57977029859 i 1
568.868096795745 1751.85927289347 i 1
566.81426517072 1767.25776219014 i 1
532.316810106344 1778.18595473788 i 1
405.988480971197 2161.16055293506 i 1
512.354367022210 1835.20562889151 i 1
494.222373179277 1963.99263011922 i 1
542.849047835101 1938.45064861664 i 1
556.490563980835 1671.16401185721 i 1
476.437323338547 1740.91396703660 i 1
557.501302999717 1669.76755416378 i 1
559.068749468559 1831.83145371126 i 1
487.265896340725 1627.58800375044 i 1
535.69943769559 1737.64003651012 i 1
539.144330173007 1827.89686178575 i 1
484.292467786748 1748.35952777309 i 1
583.759722970987 1626.34251974199 i 1
473.789116825278 1961.11141767944 i 1
496.047794976201 1899.28893427793 i 1
532.414317628674 1805.38081353442 i 1
580.258683368175 1621.48901554011 i 1
499.448933274714 1907.29292803570 i 1
551.127049592699 1713.83390520951 i 1
520.894327114149 1743.84302259322 i 1
590.811114677755 1785.75032998810 i 1
506.47129968539 1920.12634675852 i 1
501.733045250979 1727.04110412753 i 1
529.248414119029 1739.89170673484 i 1
541.258162430241 1778.07209401278 i 1
490.126543838087 1864.35405429129 i 1
448.297180342548 1627.64440139624 i 1
562.381434778471 1856.0360473493 i 1
537.820905199577 1671.36413147862 i 1
499.959794636361 1692.65211285099 i 1
544.843165661666 1864.54750017839 i 1
604.640526558465 1775.43634101417 i 1
559.367897246589 1753.83758994820 i 1
446.398105965778 2261.1442330519 i 1
592.786918570365 1767.54246583959 i 1
495.813437211754 1875.7149194536 i 1
466.903056324727 1638.03359433797 i 1
430.063213377846 2200.88361449330 i 1
583.831693592322 1743.79352296495 i 1
537.477914714969 1658.98020719745 i 1
634.83321782519 1578.05111078774 i 1
531.915571827874 1733.4582868701 i 1
504.689089736431 1897.55582100751 i 1
463.658886386796 1674.86216114741 i 1
582.82130871754 1688.76929236892 i 1
384.203153476821 1516.53494458654 u 0
508.774296252624 1063.02708770420 u 0
454.257008686827 1306.36334019133 u 0
372.819662307655 1814.97784383979 u 0
463.847848847159 1746.67188842645 u 0
485.726772613721 1283.92482673914 u 0
501.765860093581 1676.13418255356 u 0
499.1790462903 1539.91214435623 u 0
504.616424283687 1009.83059099698 u 0
600.705447747708 1494.5966539246 u 0
427.618485154871 1491.54645450973 u 0
487.760594677986 1583.84044218093 u 0
527.995930119203 1036.58323764646 u 0
569.327921784363 1648.87074096827 u 0
498.216274552065 1607.24700685712 u 0
396.312141420451 1412.38072096755 u 0
534.340001113964 1499.63151577151 u 0
447.361651510961 1680.95176465509 u 0
446.997882486625 1155.29284366057 u 0
442.6121745144 1211.29955057224 u 0
406.727471206304 1807.32587969504 u 0
534.593170655203 1994.63191386496 u 0
445.310509882602 1251.66849900156 u 0
529.68500555374 1049.96651276950 u 0
480.413434571671 1573.02830251828 u 0
449.335212515493 1331.82982486820 u 0
441.104979251426 1235.42176341811 u 0
469.990196830801 1121.77916008674 u 0
415.988051101297 1076.70958223416 u 0
421.416665083479 1684.77775071233 u 0
393.476667960238 974.766205247422 u 0
470.12077719737 934.724661395481 u 0
404.093929341249 1492.73814754272 u 0
394.043884603042 1212.65014636277 u 0
544.83316292167 1528.37453851372 u 0
415.242354284467 950.996804507065 u 0
508.872114726427 913.670732938807 u 0
475.080318136047 1048.46321046223 u 0
459.853981648836 1103.22989910257 u 0
480.353900964933 916.069232991694 u 0
422.448931480938 1455.71837569166 u 0
430.251313705770 1133.57569484586 u 0
393.841431302382 1387.81063391611 u 0
470.96847394856 1282.91728136820 u 0
463.022494030504 934.67195918671 u 0
389.383827996047 1445.72496052392 u 0
455.96301968793 1598.91896278506 u 0
463.578640714991 1908.93877714662 u 0
537.024538901895 1143.75339608995 u 0
578.484559315678 1449.31346634500 u 0
455.764465111703 1363.38441529376 u 0
466.844219787814 1675.20831615540 u 0
450.750723174119 1837.10960592629 u 0
424.638216516335 1202.25603052693 u 0
496.30360208672 1441.17226293637 u 0
539.169961747418 1008.96396829853 u 0
532.098042934018 1493.99570188513 u 0
496.242318359518 1385.087821138 u 0
425.980263433063 1600.75078680630 u 0
449.516565145878 1676.36111079506 u 0
612.601811397863 1357.17606800555 u 0
537.023235648623 1194.00427351669 u 0
424.721372808513 1030.44767580198 u 0
450.760796959243 1538.23674656671 u 0
598.348684064478 1298.42460109725 u 0
399.006877322813 967.769141832616 u 0
454.634535197839 1377.83811931423 u 0
449.878555295856 929.631102330539 u 0
456.826544697411 1667.24812176045 u 0
405.438189508377 996.945498561954 u 0
508.920022040771 1678.74420233899 u 0
453.304446561428 1692.09128536657 u 0
422.953928973047 1639.18048805262 u 0
519.64975225653 980.725248692368 u 0
451.376900886176 948.070788429823 u 0
570.079657733544 1227.0184847549 u 0
458.902807754482 1660.93314455857 u 0
419.664956532763 935.772571607113 u 0
517.222088303349 850.266768944808 u 0
468.526244639189 698.961921446368 u 0
400.468813580401 894.847765554757 u 0
447.270303979468 1336.79974081650 u 0
542.879758720984 1243.05236520313 u 0
487.94040178442 1201.63408294530 u 0
453.051628189245 1105.15667609594 u 0
511.267345411814 1730.87483237555 u 0
463.230324461267 1160.6454110041 u 0
407.395914720868 1098.41888015195 u 0
428.141374711291 1323.24880869467 u 0
364.023186798674 1153.82432905394 u 0
427.822497514558 1712.33936480578 u 0
423.37071557609 1352.85548460649 u 0
438.287649812893 1412.66317501016 u 0
406.704321370415 1636.05242422977 u 0
438.938298738914 1750.70820881378 u 0
540.533253329893 1852.32281012288 u 0
395.133159335545 1756.13137841826 u 0
507.873831275037 1349.94815301994 u 0
557.76499379054 1651.74116337819 u 0
363.972385833572 1821.7611457386 u 0
549.92225204421 1586.50626541494 u 0
472.660904040672 1216.01417272362 u 0
460.699941215365 1668.87380698314 u 0
480.061984067082 1199.21379992489 u 0
440.597042029745 1478.02660717153 u 0
524.509697902397 957.771223257008 u 0
536.372434991647 802.903573710774 u 0
507.333981898635 889.589010442795 u 0
497.3518900565 986.863036450354 u 0
547.890639055449 1979.58827456631 u 0
458.634253562614 1029.96807192757 u 0
511.780884729562 1235.40535826604 u 0
413.888034468168 1857.09986845660 u 0
570.098497794284 1625.81598035370 u 0
444.523372421846 1306.58387529294 u 0
457.641321790553 1163.27038452973 u 0
530.459063574377 1725.20650189056 u 0
388.023277999016 1943.58556990237 u 0
464.143300699039 1057.57516861818 u 0
424.180557161409 1877.75192469367 u 0
442.579242437053 1107.08599196068 u 0
497.88571236761 847.419390559684 u 0
393.790419884641 1174.48259277986 u 0
484.516010087747 1603.03448466038 u 0
355.98868046558 1808.18185950543 u 0
460.667891300481 950.663466621627 u 0
433.029038612258 871.238780873551 u 0
431.033678176925 1897.04430174413 u 0
475.370806358384 1131.11760756872 u 0
509.512000430735 1305.00122239632 u 0
477.112325830278 1254.40654863068 u 0
442.524399149506 1091.55660083985 u 0
501.599796641445 1347.52760052508 u 0
425.535550536868 1416.17388291482 u 0
474.930725534404 1465.15599810621 u 0
410.704740661703 1012.99659643089 u 0
420.39830924569 977.239959584876 u 0
437.984989637144 809.33469403958 u 0
422.523710536511 820.087505948743 u 0
521.023707395029 1704.12671376886 u 0
397.206457350758 1156.38229811813 u 0
542.525953378929 1649.87655250172 u 0
405.071756214941 1884.32965510471 u 0
543.291143421877 1683.68870984027 u 0
468.583345057894 1619.50448759131 u 0
512.864547859795 1555.66891453751 u 0
468.718200811912 1377.23225047092 u 0
425.323805187832 1624.59548739575 u 0
625.063010879374 1345.36463628335 u 0
464.003607039458 1465.45733809608 u 0
424.646324487343 1832.45859570565 u 0
396.991553360158 1618.47133235875 u 0
462.0854334063 1405.40640007643 u 0
447.218512502451 1120.13965283785 u 0
432.675118827589 1658.60867335337 u 0
386.009995663250 819.563288655174 u 0
475.570912028883 1151.68280271028 u 0
559.324528144948 1053.93563810295 u 0
460.122896707875 1007.94332252891 u 0
465.508469801044 952.270250278127 u 0
367.147661417652 994.709180957787 u 0
410.445294492773 1040.13120643916 u 0
502.623047061892 1291.84541839014 u 0
472.682640020212 894.937529313766 u 0
501.72113149661 1348.09537686501 u 0
509.551004804693 1121.81480415226 u 0
357.736457819498 1018.48329812801 u 0
484.052072257168 1418.48211861442 u 0
439.351070259664 1438.28158449453 u 0
440.245830785499 1122.13155149777 u 0
433.454791762339 1455.54149924075 u 0
448.113926736127 1074.71862805953 u 0
360.633731998054 1002.70113555537 u 0
443.906560920198 1229.67355013316 u 0
517.261650479927 1706.25227647715 u 0
365.724123338409 1520.25639597284 u 0
423.586235250743 911.394428473858 u 0
403.144045635852 879.428460618853 u 0
453.388676069172 1157.35547042033 u 0
532.77679194862 1070.42197069457 u 1
475.248069925153 915.556513411506 u 1
532.96756823676 1326.89080146323 u 1
505.357627152181 1161.98370799768 u 1
576.337462738299 1109.92478477991 u 1
520.894433886952 941.578426535065 u 1
422.113020914617 1268.24215369184 u 1
600.481578540871 1140.85198766667 u 1
574.502800811365 1460.57784664978 u 1
528.515456943738 1262.15368428092 u 1
540.641300264835 1199.52177864786 u 1
565.179050301492 1158.51342336698 u 1
490.104291359793 1235.6671972654 u 1
558.523426965618 1078.65872131896 u 1
507.65177816943 911.036675819885 u 1
460.379836898839 1084.42910762432 u 1
444.458550971716 1439.17735211630 u 1
509.321326960694 1225.82301746704 u 1
549.529258315322 1256.82773720016 u 1
459.829811727006 1329.51864896063 u 1
522.362710562149 1573.84707007155 u 1
518.355705103813 929.478921208174 u 1
538.961103316236 1358.71422795920 u 1
552.469619308311 1005.61665999652 u 1
440.394516865024 1016.89448600850 u 1
534.83885139172 1328.22193647713 u 1
611.0735018552 999.350631481533 u 1
555.144099170754 1492.86777298624 u 1
538.378127641419 1235.88115844285 u 1
522.512532825092 1294.56583201209 u 1
550.97405544436 1397.28561800559 u 1
464.308206389714 1306.26230566684 u 1
568.284454528722 1317.68243947594 u 1
604.968793123272 997.376549547662 u 1
560.186573937625 1126.26755371120 u 1
553.372796278257 1446.50307352200 u 1
558.350621663162 1161.36815838418 u 1
520.832709740711 1101.30025280607 u 1
456.593006493721 1093.36595379653 u 1
529.989350223394 1399.51128735857 u 1
492.02276603026 1216.64390669818 u 1
472.125247474906 1070.44639733769 u 1
409.469145497427 1309.89074841778 u 1
552.952016189855 892.039372092482 u 1
556.712582889442 1170.12485527852 u 1
462.995692443134 982.359279978714 u 1
545.682983410247 998.646743650163 u 1
387.416871030214 1030.67559939458 u 1
453.318277520385 1055.96207604055 u 1
558.791711931326 1550.89420314769 u 1
445.590158076111 755.743275725413 u 1
577.231587855392 1248.04556713091 u 1
477.934267709345 1038.62540492986 u 1
589.694657311516 980.470363491168 u 1
516.848673698273 1049.94728216386 u 1
576.76409473098 1296.55252757788 u 1
554.202494826508 1309.62869698092 u 1
561.946847225472 1247.56434279903 u 1
429.004471164616 1321.77995234359 u 1
477.275976576209 1220.67444329485 u 1
528.678247683413 1421.17586987320 u 1
566.336981118929 1230.84403804277 u 1
486.241251190513 1540.13355965368 u 1
580.584161701869 1199.4948040732 u 1
524.588340965606 1489.18777801886 u 1
577.966451488918 1270.26737999539 u 1
560.896045516661 1307.26725955087 u 1
455.264971449602 631.269193355711 u 1
520.710841514585 970.594159820635 u 1
476.275215490047 1168.95150428977 u 1
552.603792339082 1253.62876628072 u 1
540.487208539683 1226.21947998326 u 1
520.803953298395 1066.40142869063 u 1
567.409959494008 1327.36007543515 u 1
542.489161609829 1140.49310603418 u 1
519.002411693128 1259.75389458075 u 1
577.582784961636 1511.69129274920 u 1
526.908119190788 1265.47341205746 u 1
552.973350538797 1413.51103082563 u 1
480.285915143089 1194.07346615977 u 1
579.83208139722 1039.60224996905 u 1
553.987594783056 1183.13819638153 u 1
457.312915775204 1342.66339861247 u 1
533.526664505519 1309.24456443532 u 1
534.894037948215 1296.04461125222 u 1
479.658374499828 1088.91324848436 u 1
475.063740834243 1224.88275089051 u 1
391.826691919097 1643.44891077465 u 1
512.249873022206 1046.46231952129 u 1
429.984974412505 944.706460096284 u 1
489.673794038606 1144.71085856666 u 1
570.557391335195 1157.48290783714 u 1
548.716577614246 1081.6616105339 u 1
436.029379880632 1624.22833497002 u 1
523.120242340229 1125.71350923522 u 1
578.197717273312 1361.52364990025 u 1
463.718429503169 1162.85471728262 u 1
536.633966217072 1028.57519696063 u 1
546.159098438237 1245.85460581571 u 1
465.291758364636 1042.78856300634 u 1
535.251755578169 1166.92191286756 u 1
445.313416456059 1185.66016653191 u 1
501.464760911757 935.860505217824 u 1
505.587218440654 977.151339516408 u 1
528.324899341388 1304.02886482643 u 1
451.503409964239 1099.18312116261 u 1
583.86795383031 1231.86343439114 u 1
449.929124370365 801.462117430548 u 1
388.472833222405 1560.63344100767 u 1
440.104477220238 1217.56934207349 u 1
550.42721186248 1235.78822655989 u 1
469.415829914387 1007.09049119210 u 1
458.852877939398 1296.48259406988 u 1
470.602943375284 1369.73745512632 u 1
561.256485821329 1157.20452553048 u 1
503.401944878306 1233.94245765462 u 1
491.339919559838 1256.75615059078 u 1
572.855813864676 1268.92495013535 u 1
553.868858493181 1196.19125377438 u 1
551.918077380105 1228.14758923294 u 1
458.457706684514 1159.03740755598 u 1
426.203148926276 1070.79525845394 u 1
463.281284708219 1102.45040427005 u 1
515.612312963879 1090.34136161095 u 1
490.692310466284 827.079002978096 u 1
572.820530823528 1229.32662118764 u 1
538.089850973267 1176.41220032202 u 1
397.022512573152 1108.43090720311 u 1
510.560217737718 859.036031131278 u 1
469.356179361465 1289.69836316438 u 1
579.031499114197 1279.61054072613 u 1
443.40471558816 1423.17102898537 u 1
465.029186268843 1494.51238449956 u 1
483.662687479438 1016.90320329688 u 1
579.815080409793 1205.868342293 u 1
542.788753071942 983.15625976289 u 1
483.357951077927 1205.88259203458 u 1
559.575343402995 1356.25397954292 u 1
568.511979174927 1311.84182638725 u 1
543.415533051241 1154.23702678340 u 1
452.548750685972 1405.01310260931 u 1
494.664922771704 1178.96279928955 u 1
445.072021802094 949.694663231729 u 1
530.896142338442 1195.65388015682 u 1
382.01217260971 1173.2222216747 u 1
573.46326329959 1333.51273170963 u 1
546.077360228742 1142.39843720893 u 1
482.56751681101 1465.61840541503 u 1
475.624608169605 1034.33034863269 u 1
561.260750457808 1420.53038948975 u 1
544.742747339794 1124.68987667453 u 1
497.114966295638 914.521270586208 u 1
588.86252814632 1090.48641093263 u 1
520.55741938231 794.665307313437 u 1
504.388772313646 863.544409074095 u 1
542.117808644247 1324.69531722237 u 1
470.273664811272 1270.90409672879 u 1
515.990066215663 1063.81432557292 u 1
564.036237460203 1224.29296837282 u 1
566.859523711943 1171.69802245707 u 1
456.228888046226 974.914602355481 u 1
485.588268965935 1028.37641534449 u 1
471.547851328027 1284.18896243274 u 1
523.192135073161 774.64953683755 u 1
578.546321307782 1107.92889990351 u 1
546.0058850046 1261.21250884606 u 1
522.403286057224 1511.64503814945 u 1
473.770279738935 1188.5058325003 u 1
548.198327202234 1447.88206706852 u 1
545.042013056538 982.240197603536 u 1
585.58765288607 832.52475297011 u 1
