"F1" "F2" "F3" "v"
497.080197319214 2333.81814857444 3138.10237237917 "ee"
576.140904080724 1917.18541063553 3254.16576782585 "ee"
489.725246835112 2200.95942133276 3106.18683498674 "ee"
505.241323831513 2059.30954708218 2813.90168342796 "ee"
525.802554971031 2093.54072399963 2667.61095730899 "ee"
529.368319372997 2216.02713304547 3101.54860252566 "ee"
478.775458703488 1987.76300031112 2779.01425192982 "ee"
483.897450670135 2036.94158219567 2896.94245227282 "ee"
447.999188074686 2148.41989158909 2998.24199827395 "ee"
444.71384365585 2187.65372895524 2860.44655410837 "ee"
351.37230238719 2465.01184530836 3149.25614717403 "ee"
744.898387410676 1708.23684535063 2758.8443530198 "ee"
482.200125425971 2404.10667659788 3187.24200249291 "ee"
563.609962632768 1801.01854708419 2802.5880223535 "ee"
448.157421915929 2392.79122921764 3044.65754968936 "ee"
459.098160301584 2139.96577061517 3021.5123661968 "ee"
492.83077021595 2055.56041380419 2959.57961808551 "ee"
471.518654031028 2412.02270680435 3189.51797868039 "ee"
606.578392628894 2168.40093216004 3231.50165196403 "ee"
394.225833394235 2423.95839539037 3108.79124985218 "ee"
447.250083982959 2405.08361514277 2668.21338632336 "ee"
616.894762312819 1742.39377724354 3101.76553270166 "ee"
471.184452693879 2490.91576903093 3254.85680585353 "ee"
568.56878374093 2096.86727707245 3082.7189437153 "ee"
524.094116489183 2261.2859182535 2715.41238695268 "ee"
535.999073300966 2170.41305015025 3032.00970462088 "ee"
522.460731470897 2116.7516313607 3019.71408172742 "ee"
480.801307291277 2037.80020652403 2752.22360128817 "ee"
607.659156714138 2186.15565453723 3133.6618719224 "ee"
503.621266054783 1841.14725182389 2852.02147198043 "ee"
476.642255152957 2342.17606230885 2887.31942974768 "ee"
399.348614297 2188.62209920076 2956.25721853837 "ee"
607.82035928413 2261.9090957975 2970.10236512478 "ee"
502.962596915019 2266.61181528226 2873.18009206627 "ee"
552.729959712874 2130.35212528676 2815.64490163989 "ee"
479.875140903666 2016.06357652212 2759.77646008604 "ee"
468.365430285312 1964.82549569089 3008.19304786781 "ee"
617.771660632111 2351.92434273509 3125.34480274182 "ee"
568.398166540677 1920.21637334663 2668.57204831847 "ee"
517.823882106137 2332.26125549141 3236.11152122765 "ee"
505.240286985594 2262.00578599407 2865.38968315672 "ee"
549.240527401728 2301.76565889967 2964.06262412245 "ee"
528.847204897477 2237.12769121384 3131.87372953763 "ee"
311.498057372444 2377.97578000977 2987.66261526 "ee"
666.183955376102 1810.09474226193 3119.26003909192 "ee"
555.410814363836 2279.86615883767 2922.97679596756 "ee"
551.646396510965 2256.30421419867 3131.7255528318 "ee"
522.760533861773 2328.77198563434 3231.06367271094 "ee"
415.035147600003 2210.39900260461 2937.54184771425 "ee"
701.135971373467 1832.07463508761 2741.58035586513 "ee"
702.636819437229 1682.30579757953 3245.25046524471 "ee"
428.193359123781 2216.59725962219 3143.68236106672 "ee"
510.83366797157 1731.68487310455 2596.68510758187 "ee"
554.157864944905 1865.29537465178 2600.34721032931 "ee"
781.814268984416 1845.18142269071 2937.62974389683 "ee"
482.967333314735 2244.32050877543 2949.67283320771 "ee"
524.469840250465 2233.00107405118 3048.06937991796 "ee"
528.170673201422 1850.72964761708 3088.56102949893 "ee"
438.919434614845 1611.21234158757 2713.1050631684 "ee"
536.953148700612 2235.26669086896 2856.20323291078 "ee"
426.999935582783 2065.57748839515 2864.61255865386 "ee"
538.471749633281 2449.97633413609 3042.62343012937 "ee"
369.009238568807 2010.61641270223 2829.13011592929 "ee"
582.469456385023 2191.17108030561 2882.68356738102 "ee"
712.581973808338 1614.55098055118 3115.02143603018 "ee"
451.931433155181 2198.19554286062 2692.01768116684 "ee"
675.199527560647 2234.74121242701 2981.99485859117 "ee"
443.162620515915 2192.09225348258 2878.0557437923 "ee"
518.584237251116 2128.57273547177 2982.49581429077 "ee"
400.102736670719 2286.4485499766 3056.46575734974 "ee"
527.184032872075 2472.23158137695 3162.60045143514 "ee"
442.920829985016 2339.20363532144 2992.39623022658 "ee"
513.614844739747 2358.1646620905 3182.14108440637 "ee"
600.356534753864 2208.79675649171 3014.84830203001 "ee"
523.737096780063 2080.67939088015 3054.98239560675 "ee"
466.235642440262 2252.4273114213 2715.09051552631 "ee"
459.943007241914 2205.9583033803 2854.15204238347 "ee"
471.26290763497 2405.01639103725 2995.92694901837 "ee"
483.456305458026 2160.06438613836 3132.59014279385 "ee"
511.634233277705 2165.07649689095 2876.58801071046 "ee"
597.624050990694 2003.70421101371 3259.16818462517 "ee"
486.447259608511 2274.21522196055 2961.95382508892 "ee"
783.440110553724 1706.21060303476 2613.84126669594 "ee"
473.972511449642 2111.52474722473 3004.37292915982 "ee"
481.421336475764 2394.01674028966 2901.0576070098 "ee"
312.630729194354 2460.94665283594 3035.33949730187 "ee"
556.290616870567 2021.09295028929 2846.29598123175 "ee"
468.196387302831 1819.46254531049 2854.41547887541 "ee"
443.1846214855 2445.87221193385 3175.30844239597 "ee"
681.204409800375 1645.13746360999 2871.01847340952 "ee"
469.042328890819 2220.93045440479 2728.84958431112 "ee"
467.419400045138 2105.13157722052 3087.67675098938 "ee"
508.627294646492 2050.3809171371 2605.28910220971 "ee"
452.474920288145 2410.61839967344 3154.14411078204 "ee"
415.990008209943 2425.16201536747 2990.74324468337 "ee"
401.153400774546 2317.72764726175 3037.38692097101 "ee"
686.361976380549 1871.41682817942 3200.69464995515 "ee"
529.099369550279 2408.59232737407 2964.60462719669 "ee"
523.847552736939 2130.34506913772 2822.00565245431 "ee"
436.625887762 2294.30586665249 3052.2984949221 "ee"
495.701389870873 2279.1324885317 3105.68819835933 "ee"
514.825532967443 1933.87645364102 2961.88881999659 "ee"
545.098040479131 2376.67177431578 3106.53387850357 "ee"
491.032534356594 1811.75577443996 2763.92776910912 "ee"
342.235592012409 2179.26222826978 3088.44496088648 "ee"
554.922175223307 2271.07980095376 3047.02600468325 "ee"
518.97790370811 2374.74868776455 2935.08940818723 "ee"
540.168141691889 2199.69723525121 3132.01791072729 "ee"
477.105761831932 2469.17023683562 2845.22756787178 "ee"
496.657969812757 2344.76898157252 3248.91309760665 "ee"
472.959177737816 2213.08175740803 3103.12194539166 "ee"
480.497830202607 2171.50688816822 2883.41182390241 "ee"
602.030369334876 2052.54996523615 2935.81395541862 "ee"
520.753834283123 2338.11286997912 3026.98533540099 "ee"
583.588746355949 2175.48348334029 3288.71816371723 "ee"
552.394072010788 2335.19142552462 3118.27562937605 "ee"
440.833871735738 2220.09819565254 2937.45117079284 "ee"
635.88782036214 1615.84348380996 2720.27172338427 "ee"
536.37179692243 2243.8227064846 2865.94321031189 "ee"
422.289727536332 1881.97765250415 2781.70430683514 "ee"
551.495300680601 2095.83993883563 3088.28480813068 "ee"
427.780103496344 2467.43956572848 3178.97239450949 "ee"
429.576733004533 2474.73028717025 3134.26540760105 "ee"
354.713181552764 2367.64256590949 2987.94782010334 "ee"
575.105785511642 2347.21816835235 3106.07596601584 "ee"
600.484002699432 2090.69600554672 2904.03078118804 "ee"
501.54163298137 2504.99014661823 3113.21882906193 "ee"
385.792409357028 2157.70320646843 2858.74688874073 "ee"
481.46336252044 2459.93855797019 3133.9285763774 "ee"
508.823010234685 2354.19643404681 3035.35591346175 "ee"
364.615961995832 2215.41323337521 3023.99635392102 "ee"
538.207101894021 2439.88854294356 2925.93756833136 "ee"
447.210909728405 1868.38920430805 2875.92957329478 "ee"
529.071729633835 2245.98659162562 2975.59873229355 "ee"
462.798881633662 1904.38580135923 2640.64847219531 "ee"
486.03420158136 2216.05657052539 3032.71190473387 "ee"
474.937156621677 2440.43969421553 2998.47519570991 "ee"
684.915586379137 1937.70599418721 3011.6106927998 "ee"
535.626276335623 2322.93157575252 2919.51695877978 "ee"
566.209820700314 2334.15250270913 2948.29443177143 "ee"
459.396354135701 2367.7424037576 3100.69071634205 "ee"
484.831190913575 2483.05041375333 2956.66956517954 "ee"
583.014318125503 2170.00482796439 2986.67909530414 "ee"
543.86850099118 2227.21496775916 3229.05537655945 "ee"
480.639064098712 1875.31171853574 2592.98385563756 "ee"
532.949699446101 2260.92649201129 2959.71349357562 "ee"
494.035931267227 2344.84804225738 3182.03957290261 "ee"
542.578172696221 2140.61388970051 3080.42258915694 "ee"
560.960414511332 2232.4546772287 3143.26882696882 "ee"
469.043096264368 1998.21278387346 2628.50669673467 "ee"
579.246282235232 2054.3382982297 3036.33192977836 "ee"
578.218078260767 2074.91371847213 2899.02131644365 "ee"
461.396681498705 2478.6077805276 2823.434922167 "ee"
553.854821324594 2428.94602926704 3176.6611695082 "ee"
619.305268820268 1751.53438603077 2610.25297426446 "ee"
487.321768554701 1929.64083509778 2956.94226101018 "ee"
330.995823027482 1722.09883858983 2899.54450155318 "ee"
536.709373864049 2286.93073173554 3005.98387555688 "ee"
476.976236957534 2087.13373274706 2970.85680656392 "ee"
466.077352482351 2372.03054277059 3094.95482834317 "ee"
492.855359447236 2435.37474296362 3071.87881926652 "ee"
464.364813694101 2282.68408684701 2967.65527989671 "ee"
522.67027066829 2148.02468697414 2790.62770724679 "ee"
509.347607489696 2088.03081046103 3223.63551057018 "ee"
518.728136110312 2339.58199245581 3179.72873244449 "ee"
617.779275253999 1741.86764776329 2781.48371722088 "ee"
469.520084956881 2410.03285289557 3144.2134623606 "ee"
554.312381941848 2276.93484744902 2887.73752586055 "ee"
470.526709395738 2131.45721910244 2760.0960551506 "ee"
401.977464327698 2319.09234401334 3034.26632419659 "ee"
545.254124836051 2203.10407797337 2845.63345982289 "ee"
411.815830042573 1752.53219425471 2615.89787301535 "ee"
516.578328156494 1997.06125913308 3062.72089368533 "ee"
498.077532637346 2408.56949043603 3248.46835639409 "ee"
454.79189730327 2050.52463115311 2800.08404197898 "ee"
392.367663787329 2400.52027414366 3108.99232893127 "ee"
595.233446820791 2298.55747134173 2906.82691477895 "ee"
479.926459498102 1613.15560563996 2929.48145838261 "ee"
491.294376917163 1903.40548467539 2647.80113609612 "ee"
528.264721033906 2431.81869557813 3139.09873234043 "ee"
451.33907404342 2096.34705624785 2804.22118496071 "ee"
461.62490161864 2178.74216559492 3005.16126483129 "ee"
561.557799398114 1733.40800317586 3094.48189676928 "ee"
591.104896881484 2351.36659937429 3265.41328243549 "ee"
439.994426216698 2209.47441069066 3068.62715041203 "ee"
577.949236876692 2171.58408636095 2851.32135479036 "ee"
350.502212986767 2105.66645881142 2740.38633658384 "ee"
441.907905894985 1967.76058581328 2980.47444314479 "ee"
484.098198612837 1808.4376665662 2900.101592449 "ee"
605.499929935242 1649.64242805421 2985.5551229608 "ee"
759.074220472702 1785.88016294807 2892.69352614087 "ee"
558.136527674379 1993.03976490272 2904.22740653462 "ee"
427.325372606452 2414.33177868153 2851.17171775784 "ee"
685.69993148262 2020.73830234493 2836.3088264626 "ee"
455.479493391347 1936.26587123748 2765.18545861422 "ee"
413.8548792402 2411.1324856343 3107.10312024786 "ee"
566.290102482254 2349.45353487097 3057.89331549856 "ee"
417.707389034586 2284.6759587706 2874.45942906031 "ee"
458.778068820686 2098.46036415651 2631.09826874812 "ee"
516.154589926998 2169.13450935146 3203.22870912683 "ee"
470.888257128952 2368.23325541672 3036.69441573846 "ee"
758.268159859153 1911.31315407636 3075.0591184532 "ee"
451.460179455373 2116.32025512325 2841.64284333806 "ee"
479.268528101979 2132.89543095707 3070.81990100535 "ee"
594.307054559217 2093.36480709727 2970.39616370845 "ee"
462.025854556719 2217.07667136315 3057.61014548695 "ee"
507.207037233307 2088.95273606278 3012.22825788137 "ee"
555.757878714719 2025.10700573994 2930.56138487593 "ee"
712.350273265605 1675.25249076225 2748.04178994133 "ee"
373.306265736641 2369.67599535942 3004.48043846899 "ee"
390.882351644411 2372.53877063362 2654.99667411793 "ee"
429.891642860906 2354.13516019698 3088.47061618235 "ee"
473.446066274367 2323.76755337741 3194.82997388759 "iy"
424.77008397903 2354.8417687397 3093.83880724305 "iy"
370.36280164193 1925.18840342014 2674.78546814698 "iy"
334.141818249806 2464.65334716255 2920.5263265146 "iy"
435.99655144205 2159.43751191253 3434.3095580042 "iy"
410.774461530629 2171.79658796396 3048.09273825071 "iy"
310.05293592766 2419.52556411013 2969.71909427624 "iy"
344.358495192544 2075.31540515381 2831.9176685735 "iy"
366.829982830053 2656.07242590084 3156.76854511995 "iy"
320.162512129931 2392.40960131275 3149.60174579789 "iy"
326.436448391702 2395.32185043531 3015.09699216175 "iy"
385.902008588394 2326.94673512287 3144.39921785911 "iy"
383.544795009602 2184.90712024878 2708.22519897466 "iy"
443.005993318518 1961.76066713009 2691.28925018181 "iy"
476.323410147409 2365.73116034146 3321.1537573377 "iy"
409.978641951837 2308.4364529463 2840.18787792648 "iy"
390.556675823925 2112.20904741592 3198.81545604012 "iy"
424.64385031184 2157.47897044269 2831.58414852868 "iy"
285.408430802315 2423.04990462034 3170.3094912609 "iy"
350.791716902548 2045.91463653963 2711.02988846319 "iy"
295.631794915639 2660.14283419151 3299.26649819257 "iy"
369.643969967033 2489.30636244969 2843.30814266917 "iy"
330.888211537867 2326.3112427231 2747.98681510232 "iy"
300.406139018604 2450.62377448232 3004.52576094359 "iy"
424.715857901993 2628.70759415497 3363.93265266014 "iy"
331.736727995646 2380.21290441294 2737.15779118742 "iy"
481.891994599373 2386.89729437708 3190.06367074221 "iy"
388.723513303175 2299.42876043214 2860.3923588266 "iy"
436.437656044939 1916.13802377954 2823.04455243818 "iy"
472.443271995556 2572.5848144581 3090.49743422856 "iy"
463.106549201119 2258.44862986574 3060.34711263554 "iy"
306.53498271585 2538.97065780718 3382.3488689369 "iy"
334.551973985984 2382.06284474265 3067.97879424725 "iy"
311.611220320238 2637.77754898023 3409.39522612273 "iy"
357.170587019558 2352.53671053943 2851.44646074252 "iy"
411.213057271753 2539.72879082247 3193.85063811823 "iy"
413.74444239819 2144.92692229621 2989.56680689666 "iy"
404.738044450613 2272.95018658038 2763.78831926001 "iy"
333.245802787906 2563.57332748963 3105.11485999721 "iy"
504.890803266701 2120.96607507273 2766.11140326468 "iy"
383.471136441054 2479.16115747462 3195.89859638304 "iy"
341.240153816768 2451.93604308611 3034.19525570664 "iy"
482.506119666607 1996.24331511359 2941.51240248392 "iy"
312.537774486982 2526.2218781936 3157.28169680429 "iy"
371.494498871278 2264.23950457711 3144.45864686652 "iy"
434.549416769525 2102.42841800874 2894.98807808193 "iy"
349.208302089442 2419.88281957323 2875.14644224345 "iy"
346.398392394465 2056.52386038759 2840.16640816402 "iy"
336.972512569936 2502.52342624872 3327.28234987714 "iy"
404.892792271429 2353.24045292372 2668.26411398168 "iy"
479.204849886668 2420.92393714658 3190.85901800881 "iy"
494.740635983694 2302.1110935741 3267.06968567792 "iy"
360.206557479164 2207.64212621027 2865.21681924892 "iy"
416.959632885734 2580.82507524902 3074.57333757283 "iy"
374.566326186081 2523.30790840422 3002.65349412512 "iy"
427.150998144879 2402.22240466104 3066.95878618433 "iy"
318.074796123069 2179.48193081902 3010.16636481496 "iy"
355.331484456534 2661.73535818649 3163.34124416392 "iy"
344.204444024127 2066.44539371671 2710.00478449066 "iy"
323.156661233199 2225.93077871429 2938.62536157258 "iy"
377.748039787451 2299.12752028346 2763.6064117623 "iy"
299.662195794989 2453.98311065638 3328.23857623379 "iy"
482.068661359753 2192.41893837374 2850.21799794372 "iy"
431.077627126655 2145.28813545131 2923.8435270029 "iy"
337.498961096219 2498.7002843429 2765.59423988092 "iy"
344.945418261073 2444.60514421381 3246.46289065484 "iy"
346.959218747294 1912.48242478189 2717.56748723349 "iy"
374.388648104463 2375.05449826519 3197.00161913926 "iy"
460.967254049288 2405.54762067794 3215.39199877489 "iy"
360.850832318794 2242.48963187148 2863.19075323586 "iy"
419.0890042307 2237.33513992432 3152.64369827435 "iy"
432.049276033932 2125.74666223763 2972.45641583483 "iy"
302.598635687362 2652.28284065574 3348.31885448465 "iy"
399.975376329601 2391.35933862563 3193.18807929327 "iy"
366.203364539094 2515.49092499228 3240.36722621068 "iy"
386.313466935979 2646.9132717892 3176.30533389047 "iy"
388.663296319352 2156.67899258595 3223.20005290821 "iy"
373.152099107612 2405.57659114277 3207.51734245781 "iy"
335.750093632537 2233.65937936841 3052.57920822064 "iy"
452.596129814199 2568.20097796746 3173.58447769281 "iy"
363.069005559919 2007.42310388556 2769.42770172244 "iy"
305.904280136446 2606.15645997344 2904.96368073915 "iy"
335.946024140598 2629.81390089836 3281.83602180724 "iy"
357.459368843162 2487.92216640537 3287.99332835998 "iy"
331.216042560357 2244.95339364323 3122.75179225791 "iy"
336.193364257364 2318.47710581884 3082.47200792902 "iy"
392.514447195891 2311.03083658649 2706.31062802411 "iy"
414.151858054422 2636.88556390407 3065.13658995672 "iy"
463.492767140946 2338.91910605727 2866.74944536106 "iy"
373.104675706956 2435.59061634164 3184.7686045899 "iy"
417.397727617226 2139.27453819188 3015.35089530715 "iy"
392.542932820913 2412.3565572353 2987.77725781306 "iy"
386.956460721718 2567.59335779613 3124.59558217396 "iy"
429.011307106727 2306.04273671667 3166.06364143913 "iy"
359.761708364508 2521.06914057381 3104.70672987268 "iy"
463.522223739534 2285.44198556178 2942.08840230866 "iy"
458.978387740564 2010.39158744139 2844.0738756326 "iy"
369.293302248465 2487.52062353803 3051.67302455823 "iy"
385.355516664851 2205.00479903487 3117.83845030264 "iy"
395.09000495209 2383.59821423152 3176.77629791796 "iy"
428.381022072952 2541.79757886093 3157.56042721977 "iy"
348.246628983144 2450.20972058825 2931.32122850445 "iy"
319.263414871856 2113.9153270293 2966.79252277583 "iy"
381.209541642251 2451.97761586217 3009.35509036579 "iy"
334.818366865843 2618.86457017351 3029.01864682567 "iy"
406.795410707535 2382.968890219 3280.16402499964 "iy"
313.058282236698 1975.65374343797 2774.15108127789 "iy"
365.693375680689 2177.09185304781 2808.90154556971 "iy"
452.519834405653 2127.44239593476 2758.5904135856 "iy"
366.709159734557 2414.47208528844 3059.45564442773 "iy"
504.929424143573 1977.1754448024 2816.02360753691 "iy"
406.022595465393 2369.65332766259 3073.97622544209 "iy"
332.711227201476 2337.44836827487 2874.92415344958 "iy"
434.46801640872 2232.74123892949 2931.54209259187 "iy"
475.854028482666 2319.55120019197 3068.33012824647 "iy"
327.157774634681 2222.61872152131 3005.06052535883 "iy"
320.160961601665 1951.71057901642 3177.42572975206 "iy"
409.531310965583 2206.57295042456 2999.22104511975 "iy"
334.896645928544 2587.31723175528 2794.23049261173 "iy"
287.903299215098 2141.16309474516 2951.36901857288 "iy"
316.681873542673 2267.78874775937 3168.2117888314 "iy"
448.004005557862 2388.73134800914 2941.90789280169 "iy"
363.509142862106 2227.09416117789 3108.07308678196 "iy"
494.224791251561 1970.16525726665 2940.4451065846 "iy"
413.335257694504 2426.52935748113 3203.67949146123 "iy"
463.408946799463 2099.63279015529 2992.64991006306 "iy"
344.225368160729 2174.10807961661 2912.67289779043 "iy"
353.785510005924 2342.74261265919 3052.7818423378 "iy"
334.839448716064 2047.37137446752 2710.20803531889 "iy"
408.407945693618 2064.41657529632 2799.34518788548 "iy"
454.150376575215 2247.04004823596 2909.47987100186 "iy"
369.96366035765 2474.53973236235 3266.35129039063 "iy"
351.822062584589 2586.36774119842 3149.74747895102 "iy"
334.791573318399 2529.35462243937 3113.35380423688 "iy"
328.964905769784 1885.58261496377 3081.998770123 "iy"
502.17571028162 2084.57351339161 2875.38115129623 "iy"
383.226251046087 2038.01155931207 2898.33147336162 "iy"
332.35411913662 2424.08761352706 3181.70140337618 "iy"
364.465810297251 2480.36918027399 3190.89525921252 "iy"
416.06097209426 2235.98346965096 3275.17774469644 "iy"
500.615681153182 1929.38357118861 3001.24158858092 "iy"
354.722261385871 2426.33104662753 3075.78688508214 "iy"
354.416305292741 2556.2139801802 3187.96333451025 "iy"
289.876699740575 2387.18419574197 3269.94759604067 "iy"
461.493648605059 2212.94185499911 3300.99738475266 "iy"
381.819170328308 2411.50061197216 3126.10394305353 "iy"
416.63075040248 2190.26220080806 3039.98771244113 "iy"
401.963179749835 2048.11989732778 2753.36793147922 "iy"
322.164359743103 2509.75154904727 3242.36696597979 "iy"
415.669659225535 2164.58563722839 3205.8061725687 "iy"
406.719480966674 2235.3222785137 2749.17442860728 "iy"
289.416127198262 2022.53118435278 2663.71515467255 "iy"
406.983567839699 2362.41880491744 3007.89199424276 "iy"
462.493789439954 2265.57022755425 3056.47824196481 "iy"
324.309325845478 2528.73267571982 3157.15610803805 "iy"
335.491404429328 1929.65004443464 2749.81249816637 "iy"
351.92849141027 2332.67216712574 3038.17771666705 "iy"
355.907719093208 2006.04670342214 3236.61407116379 "iy"
319.606657315599 2427.00514989954 3082.1860533068 "iy"
373.969477307079 2279.72267073653 2831.90841791711 "iy"
419.345320793754 2594.6965404101 3264.56737061633 "iy"
360.033410533162 2160.24323863844 2966.75375020583 "iy"
423.673359053441 2171.05006950429 3134.87653447801 "iy"
386.655876103013 2568.20455600254 3169.26771981245 "iy"
397.986426486766 2346.05412360497 3063.71384184059 "iy"
390.009558788414 2081.8364466901 2988.02654609892 "iy"
317.145546816238 2288.36625570863 2934.7979971418 "iy"
361.215348609965 2288.7240110445 3174.161518995 "iy"
353.845894652012 2042.72545536952 2797.25122865291 "iy"
323.510311456736 2001.93787215496 2998.55646319185 "iy"
442.315245449635 2182.14687976566 2900.75133716544 "iy"
406.038439953164 2483.70421553152 3321.07298607799 "iy"
413.255263937313 2517.24494230719 3145.4105347895 "iy"
349.942183342716 2003.61354012269 3007.09444076478 "iy"
337.701898753258 2300.15558406661 3353.46563264375 "iy"
388.847982402565 2339.43872048334 2824.28067355052 "iy"
450.920440127084 2528.20574319252 3000.7106071475 "iy"
374.720904179766 2400.44140809465 2878.91152579751 "iy"
317.949398058813 2682.72505281865 3321.48853844638 "iy"
382.500910440936 1906.87249407352 2952.49986928111 "iy"
386.279040924958 2411.64341656334 3053.13015091426 "iy"
338.955267210471 2512.73320565272 3211.06129092307 "iy"
423.232788091369 2592.74450678845 3163.39924250324 "iy"
427.081203797068 2135.11509674414 2927.06029621535 "iy"
467.380919213066 2249.59808887173 3002.49639328589 "iy"
370.660771115735 2252.03939620312 2884.13008738125 "iy"
349.582443031775 2215.64447559289 2800.87052915346 "iy"
478.870813028532 2015.12489611101 2837.80730527648 "iy"
417.407479332192 2139.36361147127 3090.53798295691 "iy"
372.983175150404 2200.28234966585 3082.90215570262 "iy"
416.86532596722 2172.37818648468 2998.76743437254 "iy"
380.759574300194 2036.95276072911 2698.02602305697 "iy"
369.365395718648 2299.5695316753 2776.90418452084 "iy"
441.893326858711 2165.98656487129 3040.96373151459 "iy"
381.581651350316 2552.11958709944 3198.31148780353 "iy"
424.357852992818 2179.39882569347 3071.47235349744 "iy"
375.274430297117 2269.8623371487 2850.08627343209 "iy"
450.931942084326 2057.59030051758 3314.86844128979 "iy"
428.295569904572 2381.6632417266 2948.18950469039 "iy"
347.830058584115 2280.98731076823 2924.02557290146 "iy"
296.287160764351 1973.31000445407 2781.57606158797 "iy"
390.551463057563 2619.43115663565 3096.02837766564 "iy"
452.471459039723 2442.81245821874 3203.27467000018 "iy"
414.466387668722 2472.29629569499 3119.17424916058 "iy"
347.305816631144 1953.38769343561 2665.11193192864 "iy"
442.08049270434 2376.85134819402 3201.92948433843 "iy"
291.205533671809 2493.23468555464 3439.09297391407 "iy"
299.167791280013 2590.55028522532 3051.7262155736 "iy"
369.556368411439 2167.5505616885 2794.80765437451 "iy"
455.12440955663 2432.47763185323 3017.74160505998 "iy"
362.153916788974 2206.27893109028 2804.81986801948 "iy"
466.128381676707 2170.59728563161 3026.58410669133 "iy"
465.000232155043 1647.23789968813 2705.40899396634 "oe"
555.641152893405 1900.72604534308 3030.67444675002 "oe"
564.270449797694 1608.39046357557 2573.13916409314 "oe"
626.929001206648 1758.44669264512 2864.50947083599 "oe"
427.714703357997 1960.34016497675 2916.48191890173 "oe"
441.671692413845 1990.00363108355 2902.36863537415 "oe"
506.241041930574 1409.68259844551 2623.70694416557 "oe"
587.058467942592 1750.3453103712 2887.71782814605 "oe"
463.010520422284 1622.88046616412 2854.70503231056 "oe"
483.356331326856 2020.44880666748 2853.65316326742 "oe"
425.564793556861 1574.47108110622 2809.20458058515 "oe"
507.569841245862 1576.51140811933 2877.61218367356 "oe"
630.77997884146 1368.71619226256 2663.84086591941 "oe"
480.162688900989 1501.42563237024 2583.34933777431 "oe"
642.609233741069 1461.25636936615 3023.11859508086 "oe"
572.649314344873 1627.45790176812 2905.6202021009 "oe"
566.040159004499 1646.66887733789 2727.16643237802 "oe"
467.155422557009 1823.86003110196 2842.18739668427 "oe"
572.159806883477 1572.83975496568 2863.23932910212 "oe"
599.248603483754 1349.41927717477 2803.98350481378 "oe"
398.336903905262 1760.27135799976 3201.55533779139 "oe"
471.121348012791 1650.31623555344 2709.919143216 "oe"
614.457554348538 1510.89290603341 2509.91802474043 "oe"
490.528781077755 1378.67972490062 2534.64486983169 "oe"
509.59184708467 1741.49587067423 2667.54072441208 "oe"
466.793295190554 1849.62347107644 2746.70474032586 "oe"
594.493410297282 1478.81544539264 2845.12685456894 "oe"
452.464597610344 1842.71430523725 2819.48974949335 "oe"
548.44420063832 1646.55974840578 2825.55494381317 "oe"
531.078470047854 1452.59808540868 2947.55938342662 "oe"
440.16448746126 1760.23214491235 2844.3010966109 "oe"
396.431148544203 1900.23477423469 3061.14964294977 "oe"
470.719759055621 1825.93501039262 2737.21731978365 "oe"
527.63057499709 1860.1424806163 3004.7161244602 "oe"
476.416432778705 1679.20999565319 2780.71841213312 "oe"
648.379572338941 1552.54703239174 2746.59324181893 "oe"
485.003954972515 1467.24313025582 2834.28845552822 "oe"
415.01278825931 1902.86008377152 2751.9481965155 "oe"
517.999516327963 1598.17715705952 2565.91201694372 "oe"
543.259422557259 1744.30692499376 2580.17483904002 "oe"
592.689458862177 1591.38660530761 2755.2793995193 "oe"
484.999036611417 2007.9468927314 2953.76080263367 "oe"
587.656880311756 1617.72866215332 2766.76585885997 "oe"
540.411663482396 1753.70506284603 2766.40245426245 "oe"
461.58241565493 1644.47293765664 3001.63268237986 "oe"
505.88398357783 1834.39005395725 2868.51866283949 "oe"
475.44157596593 1806.15810402787 2817.3126003212 "oe"
627.590099351737 1501.54678136746 2922.60106368222 "oe"
491.835947952927 1721.95989119089 2751.94577743276 "oe"
602.20618613348 1381.1722888388 2999.11998264827 "oe"
446.495675868737 1672.5967284483 2713.32312768503 "oe"
582.005876527467 1735.11703318489 2537.22740032401 "oe"
427.349260368205 1702.30480350388 2692.44230962874 "oe"
449.961647876452 1530.02347197844 2738.59440665728 "oe"
496.370654965913 1829.32611645711 2735.29982217049 "oe"
515.46664299735 1949.40513412103 2668.74408511289 "oe"
557.974321995467 1522.68505191495 2788.76512322314 "oe"
447.676906643868 1843.54956673721 2769.99901021958 "oe"
486.756058211169 1587.24328538849 2775.77333475415 "oe"
531.501199736144 1700.80754695219 3054.53443530226 "oe"
569.981088363376 1587.47296118296 2906.31578805932 "oe"
483.392488469266 1531.11276985286 2654.43508760201 "oe"
580.498948144799 1651.17620865354 2655.38077273136 "oe"
597.904637440864 1501.95003998298 2919.78118038646 "oe"
462.534455302044 1955.86161652476 2700.9859996543 "oe"
469.923038367166 1626.00871631029 2749.16987094006 "oe"
518.846076510909 1515.09211789073 2650.61885077661 "oe"
466.040040050196 1567.86642538893 2500.77735604312 "oe"
558.404554555076 1770.24038026291 2861.12884952163 "oe"
570.228157896171 1731.66570901137 2782.66455879189 "oe"
481.197185862939 1736.72297345999 2777.07239101224 "oe"
406.791706241597 1679.14887559156 2638.16632905302 "oe"
489.458377334804 1657.89726736774 2789.30014779045 "oe"
533.687167767112 1714.76510107106 2769.85174963403 "oe"
417.281149426803 1688.11402921351 2853.65638429844 "oe"
481.549318677012 1547.80832751722 2783.71614478058 "oe"
526.698975060441 1617.16567568435 2631.92278434518 "oe"
603.059292075595 1360.07878907076 2798.82918635536 "oe"
440.636718892497 1798.37883059272 3093.92554023057 "oe"
470.14714290104 1970.1911216097 2920.22912122496 "oe"
544.720342616967 1675.2014167529 2777.68605130871 "oe"
550.213958724362 1386.90193204534 2568.69709575142 "oe"
427.05457945186 1771.40170372753 2920.35168473637 "oe"
456.268298604184 1759.36684618502 2877.0044094526 "oe"
536.081914220634 1503.46532451475 2866.69357078426 "oe"
632.48380384754 1659.43868444851 3102.41129304909 "oe"
586.274198583889 1730.26754622474 2826.48542764179 "oe"
384.64506897781 1672.08864868213 2810.44631005589 "oe"
383.991216784324 1840.12214903881 2952.73939581123 "oe"
523.269959392208 1571.28088090612 2987.90545406045 "oe"
629.176415772614 1408.60878331774 2856.66700365075 "oe"
575.570531418196 1676.71654744567 2882.8145865543 "oe"
555.415711439174 1636.52194643658 2907.0333356328 "oe"
504.393518000465 1761.77228960974 2888.28513407412 "oe"
434.168447539605 1662.17647781379 2637.59086375251 "oe"
544.028475702486 1551.33879208583 2573.0511243374 "oe"
608.208981335572 1843.15871111974 2792.54635143796 "oe"
507.267438024542 1775.64441430837 2678.42961948813 "oe"
497.943315038579 1607.38686651201 3045.9109792817 "oe"
434.7794004082 1545.45987523956 2667.49937600306 "oe"
413.803470319526 1655.29492117368 2937.81854633547 "oe"
599.056613821327 1497.44261303404 2739.44917197719 "oe"
508.708733406799 1717.42905621556 2782.57879948972 "oe"
533.748334618212 1623.91255389506 2819.10957620248 "oe"
536.198086517731 1794.79994873566 2596.65772703457 "oe"
533.973672404273 1729.10819675536 2742.23424561275 "oe"
539.466940838752 1650.43622687938 2994.29720838405 "oe"
593.754974360641 1562.85063128408 3165.8695111846 "oe"
536.106339385219 1755.06512991342 2963.25687293217 "oe"
607.407745535686 1518.24932670084 2593.90137572934 "oe"
505.804659263386 1981.55695523768 2886.24056469273 "oe"
469.032914872312 1970.17840243207 2588.64053109569 "oe"
521.351799407355 1445.94599928999 2806.89880289804 "oe"
471.720646119808 1680.16332895747 2897.43043116777 "oe"
513.751350233378 1747.28436177818 2696.10874973068 "oe"
599.680899061934 1589.522952758 2726.42092487994 "oe"
448.853311283727 1800.50823134113 2720.94506428685 "oe"
609.115029838476 1630.57013183384 3025.07218740415 "oe"
551.487599118168 1420.61017907775 2834.3083189517 "oe"
639.672264705978 1498.76201719923 3156.12621359643 "oe"
471.41051999287 1607.56884564863 2930.12763996096 "oe"
551.448096956869 1637.99333563259 2818.50950868577 "oe"
588.877950423459 1384.65744181781 3120.00259234456 "oe"
532.44170943279 1588.04752003587 2580.26429316298 "oe"
532.379269181985 1561.73401820703 2979.88781039579 "oe"
605.118380065908 1452.91950425024 2984.77927405838 "oe"
456.648540143813 1532.42478492534 3057.41764956341 "oe"
496.9332601549 1914.94897510532 2993.74264912421 "oe"
502.410271470775 1861.47755462396 2869.89892142793 "oe"
631.041783914323 1739.63591672984 2801.02371759681 "oe"
536.237781872088 1624.33566541653 2475.99060846981 "oe"
397.068521225615 1780.84997654025 2775.51532183329 "oe"
646.661001543461 1394.27262876211 3046.06765516031 "oe"
625.108795528346 1417.89623061164 2935.36706850882 "oe"
434.38515407751 1846.79409276418 2823.01445124643 "oe"
503.947939744936 1646.70597490347 2590.6892114963 "oe"
585.7637173088 1953.07762855773 2896.16651255531 "oe"
488.55648763838 1882.90621292896 2873.03641794839 "oe"
575.977627154021 1421.51033711264 2792.16160547715 "oe"
521.871141848263 1686.82744008673 2788.50165298486 "oe"
520.981663194937 1663.87991912184 2632.57639945784 "oe"
522.44404020673 1792.42113722827 2961.52447591103 "oe"
540.655587393371 1638.68352440869 2836.33410722512 "oe"
472.353998247699 1409.78137485067 2675.85610927874 "oe"
604.835796063842 1463.31012604434 2909.92614039241 "oe"
457.371868156332 1808.665103497 3030.45589688802 "oe"
510.710859140387 1859.98689756058 2793.98364650532 "oe"
534.0392367616 1698.27091205341 2548.54595443686 "oe"
499.498579920411 1881.48700179886 2760.08029105962 "oe"
567.95548535317 1702.61172077312 2663.4806605294 "oe"
515.279534038604 1699.00296903126 2749.87613500951 "oe"
592.28776101255 1495.98973260536 2630.91861613863 "oe"
477.120014077263 1953.1718279531 2834.92207177639 "oe"
575.023356689157 1670.74367727326 2669.82522989508 "oe"
488.184152300189 1935.67280131803 2699.21848615308 "oe"
547.609684277154 1881.95278273068 2762.65790069431 "oe"
588.072461583401 1458.89052078643 2950.93002961863 "oe"
465.928071271013 1738.5123688723 2765.22868096922 "oe"
483.311289517714 1699.50287952814 2654.53463851203 "oe"
583.327859552727 1626.34941059442 2729.67260843689 "oe"
526.275910974067 1534.94687521658 2796.23966258986 "oe"
529.52518465517 1777.70545391196 2823.89877360477 "oe"
548.221561016976 1726.06064924049 2679.40099850673 "oe"
410.550912968371 1602.73837914216 2713.77564721245 "oe"
494.166510110208 1621.6614626852 2692.83527769971 "oe"
567.773962049247 1767.98278680653 2754.72227603661 "oe"
427.264839149392 1792.69531689453 2670.7815501143 "oe"
508.48389933892 1945.69072647043 3212.05858113613 "oe"
515.898171173769 2042.33827713071 2605.93720391053 "oe"
478.70528508527 1542.28634420076 2889.06924156164 "oe"
532.061367521925 1539.09461268664 2968.02408216425 "oe"
624.759430763867 1348.04910460234 2997.50705980927 "oe"
580.729712026724 1636.94942428622 3045.01717522442 "oe"
590.861576292537 1510.07488996007 2837.58446498171 "oe"
585.448909636351 1560.93195138167 2915.70732646019 "oe"
609.184967958984 1541.35233653776 2869.44261712883 "oe"
452.179115732578 1707.15808737003 2928.07615742445 "oe"
462.977201349531 1830.72969927843 2971.53160589305 "oe"
444.691220240335 1676.10823334488 3110.85414003252 "oe"
420.804432788203 1786.15796041876 2896.22222961298 "oe"
501.960299021752 1714.79264011404 2761.57301387891 "oe"
591.900979546152 1778.01048108742 2751.34205120468 "oe"
491.589520430281 1593.63918947776 2782.60994581762 "oe"
541.276510521941 1351.09922903793 2678.37930853117 "oe"
532.306573029546 1518.58775407307 2819.51071968206 "oe"
578.816562278325 1514.40330536441 2991.44386912039 "oe"
531.766902790189 1997.11339498491 3116.21915024927 "oe"
469.734365539405 1636.42665586982 2731.58659909675 "oe"
513.665331857166 1793.59287640152 2643.05993435449 "oe"
606.683130314345 1597.14670449873 2766.02870768098 "oe"
545.416020597314 1709.12888120227 2738.89165704463 "oe"
584.529081347163 1476.32993095017 2730.2206348376 "oe"
401.620575171743 1837.00076771462 2887.97402990178 "oe"
546.8866864312 1455.07251129453 2942.40922955992 "oe"
524.594480373526 1807.83428038259 2870.88814999494 "oe"
545.687466775668 1638.26399903376 2827.4125357571 "oe"
522.291347140176 1856.41136563092 2798.82425957534 "oe"
478.374127024192 1883.28130147706 2940.92201014804 "oe"
628.021787388926 1494.03598146807 2862.80690935351 "oe"
545.555482286565 1728.5202265637 2979.11016727677 "oe"
524.401622695324 1870.50295149169 2928.43501610223 "oe"
450.228198928584 2039.63876342724 2926.61295204326 "oe"
405.660681342341 1730.40499786139 2783.93233663868 "oe"
639.204385368711 1454.60857853427 2701.36657015712 "oe"
462.111085556252 2010.26640463024 2693.1056244441 "oe"
481.113479822171 1377.98569498319 2777.42779464781 "oe"
511.762211429859 1431.77484047682 2910.24807187747 "oe"
408.392131165326 1505.02621247867 2790.25446866269 "oe"
496.047301955821 1833.41984557835 2621.53681444833 "oe"
504.225549296722 1993.02893346898 2734.3665665547 "oe"
479.394588945088 1759.89117975434 2650.02753265206 "oe"
652.402482867369 1576.10768271418 2673.38071785033 "oe"
401.483942831729 1954.99716462324 2771.43870172164 "ue"
418.216574626037 1880.66442041039 3118.34124846345 "ue"
339.013590068221 1763.53545918893 2763.74808899396 "ue"
487.789056779899 2116.61221632734 2924.9885066727 "ue"
344.428275286665 2279.77722324901 2727.65025933008 "ue"
342.313651794886 1900.78101277659 3016.92670295061 "ue"
440.361616439977 1995.76006827593 2581.96931982442 "ue"
329.429238693073 2208.51022515016 2780.86553747847 "ue"
333.198966204879 2275.9769487643 2739.56308389691 "ue"
313.134500477356 2077.98633937522 3226.97805798916 "ue"
273.835106792527 2095.66395201922 2745.66932831062 "ue"
362.442094152519 1878.91502821102 2729.48585263521 "ue"
293.194722528308 1933.41061848747 2913.27108317278 "ue"
303.407255438966 1916.43687004575 2688.71599978626 "ue"
420.419493890374 2309.66784643728 3208.59871409174 "ue"
315.539752692231 2142.94770545028 3157.63085762875 "ue"
262.464281093879 2085.30458736042 3101.08920538131 "ue"
290.368491478066 1957.71997437422 3034.27104696414 "ue"
453.619938859868 1646.02751946919 2921.02332827499 "ue"
290.167210497404 2131.81213457516 2682.6935799865 "ue"
465.344786119171 1937.94183187829 2902.43879448976 "ue"
365.956892510405 2018.38504051246 2915.71103451074 "ue"
484.768740495605 1619.09882000516 3031.72092573981 "ue"
450.00909393072 1753.61271380662 2843.53298701167 "ue"
324.873483418189 1840.85040323131 2933.53198906186 "ue"
322.245330193413 1992.68911089772 3042.73219154522 "ue"
393.864424948556 2192.73213259108 2827.11449757162 "ue"
274.809850530509 1981.81078195534 2880.35602097732 "ue"
305.223462043407 1990.72584061059 2911.3904395011 "ue"
327.410269692013 1903.64758208559 3119.59059891633 "ue"
349.628065414676 2142.45827358516 2994.38401397907 "ue"
379.850792307923 1863.14609455586 2915.30293001586 "ue"
336.402766445556 2220.60392481144 2890.64593558305 "ue"
308.394318687321 2195.85396479274 2856.74382739373 "ue"
484.043047530765 1696.7502860785 3227.53641621053 "ue"
361.539885695032 2022.96465027401 3134.3758822436 "ue"
361.947883463087 1762.02994672234 2632.16004682449 "ue"
386.652074773836 2359.38156958914 2934.45471881091 "ue"
436.007883044662 2086.7298348318 2719.75130393431 "ue"
292.874929038664 2178.49680517693 3049.04745566612 "ue"
407.161986351789 1840.03601642659 2750.81742064714 "ue"
365.967532867111 1925.3720992322 3326.08671915052 "ue"
398.721744151878 1987.28354523237 2756.38690078331 "ue"
379.62210358181 2372.53761699509 3384.00733188504 "ue"
409.668245487334 1628.70878528448 2565.55184039619 "ue"
391.835659561777 2055.22156146979 2978.14490240321 "ue"
351.210258868558 1885.74722780467 2712.79984094336 "ue"
343.348530173904 2115.47465639783 2886.2271745743 "ue"
363.639580196042 2156.24358852258 3092.10024481528 "ue"
389.33799601599 1872.09496570317 3183.36541285199 "ue"
432.594616022044 2206.84918221205 2863.1326095093 "ue"
376.950022028122 1992.19296804655 2912.09973732884 "ue"
303.1098585396 1787.19236640618 2828.63985210681 "ue"
339.405699128999 2157.72607123068 3225.48233525707 "ue"
472.62138143332 2053.26955969143 2919.30394097804 "ue"
309.760039121313 2370.0105768969 3149.34602500114 "ue"
400.3808337389 1778.3753819539 2771.11498741793 "ue"
263.261983917092 2195.21267475547 2716.45063348584 "ue"
337.963824773039 1731.9969853347 2552.14436495507 "ue"
411.725335153464 2184.68207472671 2892.77660067104 "ue"
283.287606042208 1902.51041497048 2675.54396493376 "ue"
316.531147376654 2232.32354414444 3055.22796505159 "ue"
315.052416427359 2151.01565796204 2526.20081887178 "ue"
481.313304362238 1684.30239672207 2886.10792159986 "ue"
380.291250781988 1897.86135784666 3088.36383948399 "ue"
338.088724789537 2093.76926073365 3294.33248805149 "ue"
319.972031169643 2210.19974852715 3290.26599509308 "ue"
401.005652821415 2398.00084417873 2786.26432213752 "ue"
313.315215865678 2160.06215640218 3187.79981202463 "ue"
396.768595999983 2260.85829318025 3061.74735004957 "ue"
328.053589887966 1807.82295050402 2715.88347677933 "ue"
366.880868326225 1981.87443115259 3009.12439359182 "ue"
335.696323735021 2192.36431888574 2677.25389412174 "ue"
322.368225471488 1993.84023164018 2597.47414278751 "ue"
369.485696164058 2062.98306960805 3314.88431887187 "ue"
388.201344292071 1990.62555956318 2968.27435638685 "ue"
348.072714934765 1841.68683302204 2976.77126678016 "ue"
264.76623794829 1983.40032234937 2992.65534622552 "ue"
462.346433958028 1887.46357056454 3079.76233664412 "ue"
277.653378606041 2289.15492598611 2831.4791110632 "ue"
282.521812743844 2190.62851661676 2671.97336854827 "ue"
396.460851151126 1955.5179614381 3022.64990503232 "ue"
467.31706293673 2270.65299731104 3137.80026806504 "ue"
430.66326066555 2041.73763252217 2673.95623313346 "ue"
325.974041302929 1866.09444575289 3184.00365501599 "ue"
392.20099501643 2200.17148529011 3128.61246090118 "ue"
349.458450583892 1861.12816113942 2601.3961546232 "ue"
366.135880654831 1769.10742724895 3045.49037249039 "ue"
411.457183063263 1939.83745600302 3115.15847320905 "ue"
275.44309887136 2076.29433231324 2705.94148887418 "ue"
365.445200105229 2270.77405606828 2680.63731255523 "ue"
391.873342479653 2129.96362070362 2815.15509309769 "ue"
326.073622063716 1996.81104423505 3182.54656651733 "ue"
416.28267435441 2371.0319555774 3116.72861838045 "ue"
285.949239609194 2329.01922397649 3259.15830134185 "ue"
370.846551128429 1668.97793030297 2878.22731981812 "ue"
458.60534620661 1890.3047503141 2583.8827848526 "ue"
305.627933013857 2010.70124150156 2797.92807747294 "ue"
320.774627133069 2087.83893217116 2867.94216927857 "ue"
352.228158046357 2153.54627527968 2937.11062957214 "ue"
360.573508828054 2084.1000020258 2976.17957971534 "ue"
364.6225087535 2319.35962927132 3120.8175460731 "ue"
382.176556552527 2114.35054565113 3281.59563670105 "ue"
285.333028273011 1894.79111780944 2755.30753873234 "ue"
343.117492768848 2290.67490380595 2800.19314002209 "ue"
320.44649940648 1939.18031859631 3031.49248012432 "ue"
344.42115627517 1806.9425335285 3060.22273083476 "ue"
389.700414127299 1914.44605216215 3198.54803219962 "ue"
398.853486505489 2294.16304040919 2586.81801538388 "ue"
483.440684034128 1968.03427631957 2757.0687546303 "ue"
328.914393868308 2351.3317347828 3282.05979037733 "ue"
342.307125156159 1659.20727645508 2842.83963946746 "ue"
435.998471600266 2005.11142360876 2791.69948172862 "ue"
397.01386405955 1909.58127666479 2931.66154032946 "ue"
363.737638145448 2177.14302981686 2937.63947439059 "ue"
362.905903100101 1853.29944105778 2901.07563551635 "ue"
305.618390329535 2348.88441745697 2839.75599811993 "ue"
411.378885516512 2396.58107899045 2575.83914777597 "ue"
357.984995780707 2052.71351543729 3228.20382145327 "ue"
468.604954809402 1782.4323597862 2873.75806512983 "ue"
475.967951312126 1715.2991811411 2756.03450613948 "ue"
366.233717644624 2038.77991315036 3126.91623836003 "ue"
300.2543773712 2208.6060691766 2949.98591056997 "ue"
337.873387137006 1736.30381003056 2771.53898335399 "ue"
395.108322180192 1920.67987908314 3069.99987667517 "ue"
299.435146989335 2179.56468520689 3001.84358442385 "ue"
419.006616672602 2292.80185255643 3043.1032632111 "ue"
437.802654958099 2300.11679147263 2749.86134510867 "ue"
437.443535081108 2101.12620027861 3342.74723299654 "ue"
467.475587648 2304.23186068268 2599.52175951915 "ue"
438.633907100771 1885.58838524507 2536.95687229651 "ue"
360.263505169034 1950.01154408581 3104.03160136708 "ue"
389.307592331814 2019.66985311504 2854.72958437601 "ue"
408.361395789033 1691.00963797388 2981.57825677509 "ue"
363.439836479058 1814.65691114747 2773.91382687522 "ue"
332.99565750981 2045.07362387816 3353.72109146122 "ue"
367.984810282545 2061.16732127515 2959.35720049391 "ue"
403.596688391851 2101.33739171029 3213.91976397422 "ue"
428.823626035266 1658.75207248959 2680.61132639842 "ue"
380.211098963039 1884.63860314531 2895.8609386195 "ue"
306.180061160203 2000.92933354032 3235.18366572094 "ue"
270.27154635803 2068.32598548689 3155.94077314237 "ue"
408.473640120633 2265.85255988138 2828.60605066762 "ue"
409.283581093192 1866.52009212069 3006.81415723173 "ue"
282.151715271166 2352.29904667075 2955.05302448581 "ue"
361.949430674969 1846.02468989018 2773.41048546395 "ue"
363.190483154469 1994.618730736 2722.31694108629 "ue"
286.472645170608 1987.09066061383 2769.41872241108 "ue"
375.372166103143 2010.13203419792 2612.54415777805 "ue"
354.423259112167 2037.71741155774 3044.42906551283 "ue"
261.258317507464 2027.0613397153 3243.43128615461 "ue"
355.407538457771 1659.0123270356 2666.81784948008 "ue"
378.430541924253 1857.63234282163 3291.1496510392 "ue"
369.237509441951 1880.01088877492 2897.86790179059 "ue"
383.417493863185 1911.23154083117 3291.39728991433 "ue"
407.020373204107 1708.13062662434 2695.41015374739 "ue"
383.466212378699 2014.53631267096 2628.0908891471 "ue"
313.30036212763 1920.79724721709 2755.65287134412 "ue"
427.254650773176 1943.49555840432 2961.94083381142 "ue"
304.929383825288 1651.19241964761 2883.94358160276 "ue"
322.32066174975 2190.89983768183 3186.46384640597 "ue"
310.56215026584 2276.66660052518 2714.37774068126 "ue"
392.272052597086 2190.43339500619 3037.89162306477 "ue"
339.105270270231 2314.57037494541 2765.55070099966 "ue"
313.118596411048 1822.58225127318 2782.67662732793 "ue"
345.994126627015 1836.52674367577 2862.46369726783 "ue"
373.416532081174 1790.39225530068 2751.75846368829 "ue"
307.764101702992 1908.78869368352 3018.90910951325 "ue"
349.744276450679 2024.42001233424 3017.9217427645 "ue"
435.689949597494 1674.40136262564 2694.87882184716 "ue"
348.238076357393 1931.85267487456 2947.81089431903 "ue"
421.612589845322 2067.98004205375 2991.9523358883 "ue"
356.931005018439 1661.12974367474 3038.58932175967 "ue"
386.466032261555 1842.83927565386 2852.28795989757 "ue"
391.186866343742 2061.28384589648 2949.32736657024 "ue"
304.741046252434 2071.36503167462 2895.78250822342 "ue"
329.049581737627 2153.48656469007 3355.37045857705 "ue"
481.976439932983 2100.66513962665 2995.8691394839 "ue"
336.008742644074 2163.41813693771 3255.70301617658 "ue"
284.16020988208 2132.79497693659 2731.56835058118 "ue"
328.075605639107 1759.5505265068 2605.51732408013 "ue"
459.355944814958 2035.00969419184 2750.29866968913 "ue"
364.348528871284 1928.74483943766 3083.50040130105 "ue"
393.270660837412 1939.07416354205 2903.84603272881 "ue"
299.080215520337 1953.80192839043 3371.26298512455 "ue"
349.599262810988 2147.90794899478 3085.31492547492 "ue"
312.882068025538 2103.57926634618 3315.63958419721 "ue"
362.26122196058 2111.58910527285 2568.62247519029 "ue"
440.798318375532 2130.8162832086 2824.38534800008 "ue"
368.929443932013 1914.52847433066 2899.96692058016 "ue"
306.479676213501 1819.47650272316 2837.45007236843 "ue"
449.464763744596 2097.10355163637 2737.45381366993 "ue"
301.44780892337 2342.96337705092 2986.02446197502 "ue"
352.259162237054 1848.17818223336 3107.07814081966 "ue"
452.624419285279 1942.98502055247 2960.51330082233 "ue"
421.66038453165 1893.99077615991 2876.82055833142 "ue"
296.769798062825 2026.99871602045 2789.64581498011 "ue"
383.582536249144 1855.90232400152 3139.38409072475 "ue"
268.627140375236 2066.70570103835 2672.38314854327 "ue"
369.537984988017 2102.70054482838 2925.54863880089 "ue"
457.679824123213 1758.88809614439 3042.2181130681 "ue"
403.900016215055 1886.82761869788 2917.87461766818 "ue"
453.190241955244 1642.00585623821 2781.25888547019 "ue"
455.952701916642 2086.67163018217 3027.70942758591 "ue"
396.237004545016 2081.9370455501 2961.49676912004 "ue"
409.102443960004 2182.65605461599 2949.86823821228 "ue"
346.06263198708 1990.90362943326 3136.89465041111 "ue"
280.962005389727 2016.6058865152 2881.39825238261 "ue"
361.514463185323 1994.82207128158 2897.15779277315 "ue"
409.518780179662 1783.67301820177 2978.46479307115 "ue"
342.067058345519 2061.60398462476 3042.83395345716 "ue"
346.689880058637 1671.76940360319 3129.55281771153 "ue"
